0101010117108001202501
0101010117108003202501
0102010056141002202501
0102010064141002202501
0102010072141002202501
0102010145141002202501
0102010153141002202501
0102010161141002202501
0102010170141002202501
0102010188141002202501
0102010196141002202501
0102010200141002202501
0102010218141002202501
0102010226108001202501
0102010226141002202501
0102010234108001202501
0102010234108003202501
0102010234141002202501
0102010242141002202501
0102010250141002202501
0102010269141002202501
0102010277141002202501
0102010285141002202501
0102010293141002202501
0102010307141002202501
0102010315141002202501
0102010323141002202501
0102010331141002202501
0102010340141002202501
0102010358141002202501
0102010366141002202501
0102010374141002202501
0102010382141002202501
0102010390141002202501
0102010404141002202501
0102010412141002202501
0102010420141002202501
0102010439141002202501
0102010447141002202501
0102010455141002202501
0102010463141002202501
0102010471141002202501
0102010480141002202501
0102010498141002202501
0102010501141002202501
0102010510141002202501
0102010528141002202501
0102010536141002202501
0102010544141002202501
0102010552141002202501
0102010560141002202501
0102010579141002202501
0102010587141002202501
0102010595141002202501
0102010609141002202501
0102010617141002202501
0102010625141002202501
0102010633141002202501
0102010641141002202501
0102010650141002202501
0102010668141002202501
0102020019108003202501
0102020027108001202501
0102020027108003202501
0102020035108003202501
0102020043108003202501
0102020051108001202501
0102020051108003202501
0102020060108001202501
0102020060108003202501
0102020078108001202501
0102020078108003202501
0102020086108001202501
0102020086108003202501
0102020094108001202501
0102020094108003202501
0102020108108001202501
0102020108108003202501
0102020116108001202501
0102020116108003202501
0102020124108001202501
0102020124108003202501
0102020132108001202501
0102020132108003202501
0102020140108001202501
0102020140108003202501
0201010151110001202501
0201010151120001202501
0201010186131001202501
0201010186132001202501
0201010186132005202501
0201010240131001202501
0201010240132001202501
0201010240132005202501
0201010534105005202501
0201010542121001202501
0201010542121002202501
0201010542121003202501
0201010542121004202501
0202010015145001202501
0202010023145001202501
0202010031145001202501
0202010040145001202501
0202010058145001202501
0202010066145001202501
0202010074145001202501
0202010082145001202501
0202010090145001202501
0202010104145001202501
0202010112145001202501
0202010120145001202501
0202010139145001202501
0202010147145001202501
0202010155145001202501
0202010163145001202501
0202010171145001202501
0202010180145001202501
0202010198145001202501
0202010201145001202501
0202010210145001202501
0202010228145001202501
0202010236145001202501
0202010244145001202501
0202010252145001202501
0202010260145001202501
0202010279145001202501
0202010287145001202501
0202010295145001202501
0202010309145001202501
0202010317145001202501
0202010325145001202501
0202010333145001202501
0202010341145001202501
0202010350145001202501
0202010368145001202501
0202010376145001202501
0202010384145001202501
0202010392145001202501
0202010406145001202501
0202010414145001202501
0202010422145001202501
0202010430145001202501
0202010449145001202501
0202010457145001202501
0202010465145001202501
0202010473145001202501
0202010481145001202501
0202010490145001202501
0202010503145001202501
0202010511145001202501
0202010520145001202501
0202010538145001202501
0202010546145001202501
0202010554145001202501
0202010562145001202501
0202010570145001202501
0202010589145001202501
0202010597145001202501
0202010600145001202501
0202010619145001202501
0202010627145001202501
0202010635145001202501
0202010643145001202501
0202010651145001202501
0202010660145001202501
0202010678145001202501
0202010686145001202501
0202010694145001202501
0202010708145001202501
0202010716145001202501
0202010724145001202501
0202010732145001202501
0202010740145001202501
0202010759145001202501
0202010767145001202501
0202010791145001202501
0202020010145002202501
0202020029145002202501
0202020037145002202501
0202020045145002202501
0202020053145002202501
0202020061145002202501
0202020070145002202501
0202020088145002202501
0202020096145002202501
0202020100145002202501
0202020118145002202501
0202020126145002202501
0202020134145002202501
0202020142145002202501
0202020150145002202501
0202020169145002202501
0202020177145002202501
0202020185145002202501
0202020193145002202501
0202020207145002202501
0202020215145002202501
0202020223145002202501
0202020231145002202501
0202020240145002202501
0202020258145002202501
0202020266145002202501
0202020274145002202501
0202020282145002202501
0202020290145002202501
0202020304145002202501
0202020312145002202501
0202020320145002202501
0202020339145002202501
0202020347145002202501
0202020355145002202501
0202020363145002202501
0202020371145002202501
0202020380145002202501
0202020398145002202501
0202020401145002202501
0202020410145002202501
0202020428145002202501
0202020436145002202501
0202020444145002202501
0202020460145002202501
0202020479128001202501
0202020487145002202501
0202020495145002202501
0202020517145002202501
0202020525145002202501
0202020533145002202501
0202020541145002202501
0202020550145002202501
0202020568145002202501
0202020576145002202501
0202030016145003202501
0202030024145003202501
0202030032145003202501
0202030040145003202501
0202030059145003202501
0202030067145003202501
0202030075145003202501
0202030083145003202501
0202030091145003202501
0202030105145003202501
0202030113145003202501
0202030121145003202501
0202030130145003202501
0202030148145003202501
0202030156145003202501
0202030164145003202501
0202030172145003202501
0202030180145003202501
0202030199145003202501
0202030202145003202501
0202030229145003202501
0202030237132002202501
0202030237145003202501
0202030253145003202501
0202030261145003202501
0202030270145003202501
0202030288145003202501
0202030296145003202501
0202030300145003202501
0202030318145003202501
0202030326145003202501
0202030334145003202501
0202030342145003202501
0202030350145003202501
0202030369145003202501
0202030377145003202501
0202030385145003202501
0202030393145003202501
0202030407145003202501
0202030415145003202501
0202030423145003202501
0202030431145003202501
0202030440145003202501
0202030458145003202501
0202030466145003202501
0202030474145003202501
0202030482145003202501
0202030504145003202501
0202030512145003202501
0202030520145003202501
0202030539145003202501
0202030547145003202501
0202030555145003202501
0202030563145003202501
0202030571145003202501
0202030580145003202501
0202030598145003202501
0202030601145003202501
0202030610145003202501
0202030628145003202501
0202030636145003202501
0202030644145003202501
0202030652145003202501
0202030660145003202501
0202030679145003202501
0202030687145003202501
0202030695145003202501
0202030709145003202501
0202030717145003202501
0202030725145003202501
0202030733145003202501
0202030741145003202501
0202030750145003202501
0202030768145003202501
0202030776145003202501
0202030784145003202501
0202030792145003202501
0202030806145003202501
0202030814145003202501
0202030822145003202501
0202030830145003202501
0202030849145003202501
0202030857145003202501
0202030865145003202501
0202030873145003202501
0202030881145003202501
0202030890145003202501
0202030903145003202501
0202030911145003202501
0202030920145003202501
0202030938145003202501
0202030946145003202501
0202030954145003202501
0202030962145003202501
0202030970145003202501
0202030989145003202501
0202030997145003202501
0202031004145003202501
0202031012145003202501
0202031039145003202501
0202031047145003202501
0202031055145003202501
0202031063145003202501
0202031071145003202501
0202031080145003202501
0202031098145003202501
0202031101145003202501
0202031110145003202501
0202031179145003202501
0202031187145003202501
0202031195145003202501
0202031209145003202501
0202031217145003202501
0202031225145003202501
0202031233145003202501
0202031233145011202501
0202031250145003202501
0202031250145011202501
0202031268145003202501
0202031268145011202501
0202031276145003202501
0202031284145003202501
0202031292145003202501
0202031306145003202501
0202031314145003202501
0202031322145001202501
0202031365145003202501
0202040011145004202501
0202040020145004202501
0202040038145004202501
0202040046145004202501
0202040054145004202501
0202040062145004202501
0202040070145004202501
0202040089145004202501
0202040097145004202501
0202040100145004202501
0202040119145004202501
0202040127145004202501
0202040135145004202501
0202040143145004202501
0202040151145004202501
0202040160145004202501
0202040178145004202501
0202040186145004202501
0202050017145005202501
0202050025145005202501
0202050033145005202501
0202050041145005202501
0202050050145005202501
0202050068145005202501
0202050076145005202501
0202050076145011202501
0202050084145005202501
0202050092145005202501
0202050106145005202501
0202050114145005202501
0202050122145005202501
0202050130145005202501
0202050149145005202501
0202050157145005202501
0202050165145005202501
0202050173145005202501
0202050181145005202501
0202050190145005202501
0202050203145005202501
0202050211145005202501
0202050220145005202501
0202050238145005202501
0202050246145005202501
0202050254145005202501
0202050262145005202501
0202050270145005202501
0202050289145005202501
0202050297145005202501
0202050300145005202501
0202050319145005202501
0202050327145005202501
0202060012145006202501
0202060012151002202501
0202060020145006202501
0202060020151002202501
0202060039145006202501
0202060039151002202501
0202060047145006202501
0202060047151002202501
0202060055145006202501
0202060055151002202501
0202060063145006202501
0202060063151002202501
0202060071145006202501
0202060071151002202501
0202060080145006202501
0202060080151002202501
0202060098145006202501
0202060098151002202501
0202060101145006202501
0202060101151002202501
0202060110145006202501
0202060110151002202501
0202060128145006202501
0202060128151002202501
0202060136145006202501
0202060136151002202501
0202060144145006202501
0202060144151002202501
0202060152145006202501
0202060152151002202501
0202060160145006202501
0202060160151002202501
0202060179145006202501
0202060179151002202501
0202060187145006202501
0202060187151002202501
0202060195145006202501
0202060195151002202501
0202060209145006202501
0202060209151002202501
0202060217145006202501
0202060217151002202501
0202060225145006202501
0202060225151002202501
0202060233145006202501
0202060233151002202501
0202060241145006202501
0202060241151002202501
0202060250145006202501
0202060250151002202501
0202060268145006202501
0202060268151002202501
0202060276145006202501
0202060276151002202501
0202060284145006202501
0202060284151002202501
0202060292145006202501
0202060292151002202501
0202060306145006202501
0202060306151002202501
0202060314145006202501
0202060314151002202501
0202060322145006202501
0202060322151002202501
0202060330145006202501
0202060330151002202501
0202060349145006202501
0202060349151002202501
0202060357145006202501
0202060357151002202501
0202060365145006202501
0202060365151002202501
0202060373145006202501
0202060373151002202501
0202060381145006202501
0202060381151002202501
0202060390145006202501
0202060390151002202501
0202060403145006202501
0202060403151002202501
0202060411145006202501
0202060411151002202501
0202060420145006202501
0202060420151002202501
0202060438145006202501
0202060438151002202501
0202060446145006202501
0202060446151002202501
0202060454145006202501
0202060454151002202501
0202060462145006202501
0202060462151002202501
0202060470145006202501
0202070018145008202501
0202070026145008202501
0202070034145008202501
0202070042145008202501
0202070050145008202501
0202070069145008202501
0202070077145008202501
0202070085145008202501
0202070093145008202501
0202070107145008202501
0202070115145008202501
0202070123145008202501
0202070131145008202501
0202070140145008202501
0202070158145008202501
0202070166145008202501
0202070174145008202501
0202070182145008202501
0202070190145008202501
0202070204145008202501
0202070212145008202501
0202070220145008202501
0202070239145008202501
0202070247145008202501
0202070255145008202501
0202070263145008202501
0202070271145008202501
0202070280145008202501
0202070298145008202501
0202070301145008202501
0202070310145008202501
0202070328145008202501
0202070336145008202501
0202070344145008202501
0202070352145008202501
0202080013145009202501
0202080021145009202501
0202080030145009202501
0202080048145009202501
0202080056145009202501
0202080064145009202501
0202080072145009202501
0202080080145009202501
0202080099145009202501
0202080102145009202501
0202080110145009202501
0202080129145009202501
0202080137145009202501
0202080145145009202501
0202080153145009202501
0202080161145009202501
0202080170145009202501
0202080188145009202501
0202080196145009202501
0202080200145009202501
0202080218145009202501
0202080226145009202501
0202080234145009202501
0202080250145009202501
0202090019145010202501
0202090027145010202501
0202090035145010202501
0202090043145010202501
0202090051145010202501
0202090060145010202501
0202090078145010202501
0202090086145010202501
0202090094145010202501
0202090108145009202501
0202090116145010202501
0202090124145010202501
0202090132145010202501
0202090140145010202501
0202090159145010202501
0202090167145010202501
0202090183145010202501
0202090191145010202501
0202090213145010202501
0202090221145010202501
0202090221151002202501
0202090230145010202501
0202090248145010202501
0202090256145010202501
0202090264145010202501
0202090272145010202501
0202090280145010202501
0202090299145010202501
0202090302145010202501
0202090310145010202501
0202090329145010202501
0202090337145010202501
0202090345145010202501
0202090353145010202501
0202090361145010202501
0202100014145011202501
0202100022145011202501
0202100030145011202501
0202100049120001202501
0202100049145011202501
0202100057145011202501
0202100065145011202501
0202100073145011202501
0202100081145011202501
0202100090145011202501
0202100103145011202501
0202100111145011202501
0202100120145011202501
0202100138145011202501
0202100146145011202501
0202100154145011202501
0202100162145011202501
0202100170145011202501
0202100189145011202501
0202100197145011202501
0202100200145011202501
0202100219145011202501
0202100227145011202501
0202100243145011202501
0202110010145012202501
0202110028145012202501
0202110036145012202501
0202110044145012202501
0202110052145012202501
0202110060145012202501
0202110079145012202501
0202110087145012202501
0202110095145012202501
0202110109145012202501
0202110117145012202501
0202110125145012202501
0202110133145012202501
0202110141145012202501
0202110150145012202501
0202120015128002202501
0202120015145013202501
0202120023128002202501
0202120023145013202501
0202120031128002202501
0202120031145013202501
0202120040128002202501
0202120040145013202501
0202120058128002202501
0202120058145013202501
0202120066128002202501
0202120066145013202501
0202120074128002202501
0202120074145013202501
0202120082128002202501
0202120082145013202501
0202120090128002202501
0202120090145013202501
0202120104128002202501
0202120104145013202501
0203010019120002202501
0203010027120002202501
0203010035120002202501
0203010043120002202501
0203010078120003202501
0203010086120002202501
0203010086120003202501
0203020014120001202501
0203020014120002202501
0203020022120001202501
0203020030120001202501
0203020049120001202501
0203020057120001202501
0203020065120001202501
0203020073120001202501
0203020081120001202501
0204010012121001202501
0204010012121007202501
0204010020121001202501
0204010020121007202501
0204010039121001202501
0204010039121007202501
0204010047121001202501
0204010047121007202501
0204010055121001202501
0204010055121007202501
0204010063121001202501
0204010063121007202501
0204010071121001202501
0204010071121007202501
0204010080121001202501
0204010080121007202501
0204010098121001202501
0204010098121007202501
0204010101121001202501
0204010101121007202501
0204010110121001202501
0204010110121007202501
0204010128121001202501
0204010128121007202501
0204010136121001202501
0204010136121007202501
0204010144121001202501
0204010144121007202501
0204010152121001202501
0204010152121007202501
0204010179121001202501
0204010179121007202501
0204010195121001202501
0204010195121007202501
0204010209121001202501
0204010209121007202501
0204020018121001202501
0204020018121007202501
0204020026121001202501
0204020026121007202501
0204020034121001202501
0204020034121007202501
0204020042121001202501
0204020042121007202501
0204020050121001202501
0204020050121007202501
0204020069121001202501
0204020069121007202501
0204020077121001202501
0204020077121007202501
0204020085121001202501
0204020085121007202501
0204020093121001202501
0204020093121007202501
0204020107121001202501
0204020107121007202501
0204020115121001202501
0204020115121007202501
0204020123121001202501
0204020123121007202501
0204020131121001202501
0204020131121007202501
0204030013121001202501
0204030013121007202501
0204030021121001202501
0204030021121007202501
0204030030121012202501
0204030030121013202501
0204030048121001202501
0204030048121007202501
0204030056121001202501
0204030056121007202501
0204030064121001202501
0204030064121007202501
0204030072121001202501
0204030072121007202501
0204030080121001202501
0204030080121007202501
0204030099121001202501
0204030099121007202501
0204030102121001202501
0204030102121007202501
0204030110121001202501
0204030110121007202501
0204030129121001202501
0204030129121007202501
0204030137121001202501
0204030137121007202501
0204030145121001202501
0204030145121007202501
0204030153121001202501
0204030153121007202501
0204030161121001202501
0204030161121007202501
0204030170121001202501
0204030170121007202501
0204030188121012202501
0204030188121013202501
0204040019121001202501
0204040019121007202501
0204040027121001202501
0204040027121007202501
0204040035121001202501
0204040035121007202501
0204040043121001202501
0204040043121007202501
0204040051121001202501
0204040051121007202501
0204040060121001202501
0204040060121007202501
0204040078121001202501
0204040078121007202501
0204040086121001202501
0204040086121007202501
0204040094121001202501
0204040094121007202501
0204040108121001202501
0204040108121007202501
0204040116121001202501
0204040116121007202501
0204040124121001202501
0204040124121007202501
0204050014121001202501
0204050014121007202501
0204050022121001202501
0204050022121007202501
0204050030121001202501
0204050030121007202501
0204050049121001202501
0204050049121007202501
0204050057121001202501
0204050057121007202501
0204050065121001202501
0204050065121007202501
0204050073121001202501
0204050073121007202501
0204050081121001202501
0204050081121007202501
0204050090121001202501
0204050090121007202501
0204050103121001202501
0204050103121007202501
0204050111121001202501
0204050111121007202501
0204050120121001202501
0204050120121007202501
0204050138121001202501
0204050138121007202501
0204050146121001202501
0204050146121007202501
0204050154121001202501
0204050154121007202501
0204050162121001202501
0204050162121007202501
0204050170121001202501
0204050170121007202501
0204050189121001202501
0204050189121007202501
0204060010121001202501
0204060010121007202501
0204060036121001202501
0204060036121007202501
0204060044121001202501
0204060044121007202501
0204060052121001202501
0204060052121007202501
0204060060121001202501
0204060060121007202501
0204060079121001202501
0204060079121007202501
0204060087121001202501
0204060087121007202501
0204060095121001202501
0204060095121007202501
0204060109121001202501
0204060109121007202501
0204060117121001202501
0204060117121007202501
0204060125121001202501
0204060125121007202501
0204060133121001202501
0204060133121007202501
0204060141121001202501
0204060141121007202501
0204060150121001202501
0204060150121007202501
0204060168121001202501
0204060168121007202501
0204060176121001202501
0204060176121007202501
0205010016122003202501
0205010016122007202501
0205010024122003202501
0205010024122007202501
0205010032121002202501
0205010032121008202501
0205010040121002202501
0205010040121008202501
0205010059121002202501
0205010059121008202501
0205020011121002202501
0205020011121008202501
0205020020131001202501
0205020038121002202501
0205020038121008202501
0205020046121002202501
0205020046121008202501
0205020054121002202501
0205020054121008202501
0205020062121002202501
0205020062121008202501
0205020070121002202501
0205020070121008202501
0205020089121002202501
0205020089121008202501
0205020097121002202501
0205020097121008202501
0205020100121002202501
0205020100121008202501
0205020119121002202501
0205020119121008202501
0205020127121002202501
0205020127121008202501
0205020135121002202501
0205020135121008202501
0205020143121002202501
0205020143121008202501
0205020151121002202501
0205020151121008202501
0205020160121002202501
0205020160121008202501
0205020178121002202501
0205020178121008202501
0205020186121002202501
0205020186121008202501
0205020194121002202501
0205020194121008202501
0205020224121002202501
0205020224121008202501
0206010010121003202501
0206010010121009202501
0206010028121003202501
0206010028121009202501
0206010036121003202501
0206010036121009202501
0206010044121003202501
0206010044121009202501
0206010052121003202501
0206010052121009202501
0206010060121003202501
0206010060121009202501
0206010079121003202501
0206010079121009202501
0206010087121003202501
0206010087121009202501
0206010095121003202501
0206010095121009202501
0206010095151001202501
0206020015121003202501
0206020015121009202501
0206020023121003202501
0206020023121009202501
0206020031121003202501
0206020031121009202501
0206020040121003202501
0206020040121009202501
0206030010121003202501
0206030010121009202501
0206030029121003202501
0206030029121009202501
0206030037121003202501
0206030037121009202501
0207010013121004202501
0207010013121010202501
0207010021121004202501
0207010021121010202501
0207010030121004202501
0207010030121010202501
0207010048121004202501
0207010048121010202501
0207010056121004202501
0207010056121010202501
0207010064121004202501
0207010064121010202501
0207010072121004202501
0207010072121010202501
0207020019121004202501
0207020019121010202501
0207020027121004202501
0207020027121010202501
0207020035121004202501
0207020035121010202501
0207030014121004202501
0207030014121010202501
0207030022121004202501
0207030022121010202501
0207030030121004202501
0207030030121010202501
0207030049121004202501
0207030049121010202501
0207030057121004202501
0207030057121010202501
0208010017151001202501
0208010017151003202501
0208010025151001202501
0208010025151003202501
0208010033151001202501
0208010033151003202501
0208010041151001202501
0208010041151003202501
0208010050151001202501
0208010050151003202501
0208010068151001202501
0208010068151003202501
0208010076151001202501
0208010076151003202501
0208010084151001202501
0208010084151003202501
0208010092151001202501
0208010092151003202501
0208020012151001202501
0208020012151003202501
0208020020151001202501
0208020020151003202501
0208020039151001202501
0208020039151003202501
0208020047151001202501
0208020047151003202501
0208020055151001202501
0208020055151003202501
0208020063151001202501
0208020063151003202501
0208020071151001202501
0208020071151003202501
0208020080151001202501
0208020080151003202501
0208020098151001202501
0208020098151003202501
0208020101151001202501
0208020101151003202501
0208020110151001202501
0208020110151003202501
0208020128151001202501
0208020128151003202501
0208030018151001202501
0208030018151003202501
0208030026151001202501
0208030026151003202501
0208030034151001202501
0208030034151003202501
0208030042151001202501
0208030042151003202501
0208030050151001202501
0208030050151003202501
0208040013151001202501
0208040013151003202501
0208040021151001202501
0208040021151003202501
0208040030151001202501
0208040030151003202501
0208040048151001202501
0208040048151003202501
0208040056151001202501
0208040056151003202501
0208040064151001202501
0208040064151003202501
0208040072151001202501
0208040072151003202501
0208040080151001202501
0208040080151003202501
0208040099151001202501
0208040099151003202501
0208040102151001202501
0208040102151003202501
0208050019151001202501
0208050019151003202501
0208050027151001202501
0208050027151003202501
0208050035151001202501
0208050035151003202501
0208050043151001202501
0208050043151003202501
0208060014151001202501
0208060014151003202501
0208060022151001202501
0208060022151003202501
0208060030151001202501
0208060030151003202501
0208070010151001202501
0208070010151003202501
0208070028151001202501
0208070028151003202501
0208070036151001202501
0208070036151003202501
0208070044151001202501
0208070044151003202501
0208080015151001202501
0208080015151003202501
0208080023151001202501
0208080023151003202501
0208080031151001202501
0208080031151003202501
0208080040151001202501
0208080040151003202501
0208090010151001202501
0208090010151003202501
0208090029151001202501
0208090029151003202501
0208090037151001202501
0208090037151003202501
0209010010142001202501
0209010029142001202501
0209010037142001202501
0209010045142001202501
0209010053142001202501
0209010061142001202501
0209020016142003202501
0209030011142004202501
0209040017142002202501
0209040025142002202501
0209040033142002202501
0209040041142002202501
0209040050142002202501
0210010010121001202501
0210010010121007202501
0210010029121001202501
0210010029121007202501
0210010037121006202501
0210010037121011202501
0210010045121001202501
0210010045121007202501
0210010053121001202501
0210010053121007202501
0210010061121001202501
0210010061121007202501
0210010070121001202501
0210010070121007202501
0210010088121001202501
0210010088121007202501
0210010096121001202501
0210010096121007202501
0210010100121001202501
0210010100121007202501
0210010118121001202501
0210010118121007202501
0210010126121001202501
0210010126121007202501
0210010134121001202501
0210010134121007202501
0210010142121001202501
0210010142121007202501
0210010150121001202501
0210010150121007202501
0210010169121001202501
0210010169121006202501
0210010169121007202501
0210010177121001202501
0210010177121007202501
0210010185121001202501
0210010185121007202501
0210010193121001202501
0210010193121007202501
0210010207121001202501
0210010207121007202501
0210020016121001202501
0210020016121007202501
0211010022121002202501
0211020010116005202501
0211020028116005202501
0211020036103003202501
0211020036103011202501
0211020036103012202501
0211020036113001202501
0211020036113002202501
0211020036113003202501
0211020036113004202501
0211020036122003202501
0211020036122007202501
0211020044122002202501
0211020044122006202501
0211020060122001202501
0211020060122005202501
0211020087103003202501
0211020087103011202501
0211020087103012202501
0211020095122007202501
0211030015126008202501
0211030015135001202501
0211030015135002202501
0211030015135003202501
0211030015135005202501
0211030015135010202501
0211030015135011202501
0211030023126008202501
0211030023135001202501
0211030023135002202501
0211030023135003202501
0211030023135005202501
0211030023135010202501
0211030023135011202501
0211030031126008202501
0211030031135001202501
0211030031135002202501
0211030031135003202501
0211030031135005202501
0211030031135010202501
0211030031135011202501
0211030040126008202501
0211030040135001202501
0211030040135002202501
0211030040135003202501
0211030040135005202501
0211030040135010202501
0211030040135011202501
0211030058126008202501
0211030058135001202501
0211030058135002202501
0211030058135003202501
0211030058135005202501
0211030058135010202501
0211030058135011202501
0211030066126008202501
0211030066135001202501
0211030066135002202501
0211030066135003202501
0211030066135005202501
0211030066135010202501
0211030066135011202501
0211030074126008202501
0211030074135001202501
0211030074135002202501
0211030074135003202501
0211030074135005202501
0211030074135010202501
0211030074135011202501
0211030082126008202501
0211030082135001202501
0211030082135002202501
0211030082135003202501
0211030082135005202501
0211030082135010202501
0211030082135011202501
0211030090126008202501
0211030090135001202501
0211030090135002202501
0211030090135003202501
0211030090135005202501
0211030090135010202501
0211030090135011202501
0211040037145009202501
0211050024122004202501
0211050024122008202501
0211050032122004202501
0211050032122008202501
0211050040122004202501
0211050040122008202501
0211050059122004202501
0211050059122008202501
0211050067122004202501
0211050067122008202501
0211050091105006202501
0211050105105009202501
0211050105133001202501
0211050105133002202501
0211050105133003202501
0211050148105006202501
0211050156122004202501
0211050156122008202501
0211060011131001202501
0211060011135001202501
0211060020131001202501
0211060020135001202501
0211060038131001202501
0211060054131001202501
0211060054135001202501
0211060062131001202501
0211060070131001202501
0211060070135001202501
0211060089131001202501
0211060089135001202501
0211060097131001202501
0211060100131001202501
0211060100135001202501
0211060119131001202501
0211060127131001202501
0211060127135001202501
0211060135131001202501
0211060143131001202501
0211060151113001202501
0211060151113002202501
0211060151113003202501
0211060151131001202501
0211060151135001202501
0211060160131001202501
0211060160135001202501
0211060178131001202501
0211060178131005202501
0211060186131001202501
0211060208131001202501
0211060216131001202501
0211060216135001202501
0211060224131001202501
0211060224135001202501
0211060232131001202501
0211060232135001202501
0211060240131001202501
0211060259131001202501
0211060259135001202501
0211060267131001202501
0211060283131001202501
0211070025135005202501
0211070025135010202501
0211070033135005202501
0211070033135010202501
0211070041135005202501
0211070041135010202501
0211070092135005202501
0211070092135010202501
0211070106135005202501
0211070106135010202501
0211070122135010202501
0211070157135005202501
0211070157135010202501
0211070165135005202501
0211070165135010202501
0211070190135001202501
0211070190135002202501
0211070190135003202501
0211070190135005202501
0211070190135010202501
0211070203135005202501
0211070203135010202501
0211070211135005202501
0211070211135010202501
0211070238135005202501
0211070238135010202501
0211070246135005202501
0211070246135010202501
0211070254135005202501
0211070254135010202501
0211070262135005202501
0211070262135010202501
0211070289135005202501
0211070289135010202501
0211070297135005202501
0211070297135010202501
0211070300135005202501
0211070300135010202501
0211070319135005202501
0211070319135010202501
0211070327135005202501
0211070327135010202501
0211070335135005202501
0211070335135010202501
0211070343135005202501
0211070343135010202501
0211070378107008202501
0211070386107008202501
0211070394107008202501
0211070408107008202501
0211070416107008202501
0211080012133001202501
0211080020133001202501
0211080039133001202501
0211080047133001202501
0211080055133002202501
0211080055133003202501
0211080063133001202501
0211080071133001202501
0211080080122001202501
0211080080122005202501
0211100013115002202501
0211100013135001202501
0211100013135002202501
0211100013135003202501
0211100013135005202501
0211100013135010202501
0211100013135011202501
0212010018128002202501
0212010026128002202501
0212010034128002202501
0212010042128002202501
0212010050128002202501
0212010069128002202501
0212020013128003202501
0212020021128003202501
0212020030128003202501
0212020048128003202501
0212020056128003202501
0212020064128003202501
0213010020141001202501
0213010038141001202501
0213010054141001202501
0213010062141001202501
0213010070141001202501
0213010089141001202501
0213010097141001202501
0213010100141001202501
0213010119141001202501
0213010127141001202501
0213010135141001202501
0213010143141001202501
0213010160141001202501
0213010178141001202501
0213010186141001202501
0213010194141001202501
0213010208141001202501
0213010216141001202501
0213010224141001202501
0213010232141001202501
0213010240141001202501
0213010259141001202501
0213010267141001202501
0213010275141001202501
0213010291141001202501
0213010305141001202501
0213010321141001202501
0213010330141001202501
0213010348141001202501
0213010356141001202501
0213010364141001202501
0213010372141001202501
0213010380141001202501
0213010399141001202501
0213010402141001202501
0213010410141001202501
0213010429141001202501
0213010437141001202501
0213010445141001202501
0213010453141001202501
0213010470141001202501
0213010488141001202501
0213010496141001202501
0213010500141001202501
0213010518141001202501
0213010526141001202501
0213010534141001202501
0213010542141001202501
0213010550141001202501
0213010569141001202501
0213010577141001202501
0213010585141001202501
0213010607141001202501
0213010615141001202501
0213010623141001202501
0213010631141001202501
0213010640141001202501
0213010658141001202501
0213010666141001202501
0213010674141001202501
0213010682141001202501
0213010690141001202501
0213010704141001202501
0213010739141001202501
0213010747141001202501
0213010755141001202501
0213010763141001202501
0213010771141001202501
0213010780141001202501
0213010798141001202501
0213010801141001202501
0213010810141001202501
0213010828141001202501
0213020017141003202501
0213020025141003202501
0213020033141003202501
0213020041141003202501
0213020050141003202501
0213020068141003202501
0213020076141003202501
0213020084141003202501
0301010102131001202501
0301010196168001202501
0301010196168002202501
0301010200168001202501
0301010200168002202501
0301010218168001202501
0301010218168002202501
0301010226168001202501
0301010226168002202501
0301010323112006202501
0301010331112006202501
0301010340112006202501
0301010358112006202501
0301010366112008202501
0301010374112007202501
0301020019108001202501
0301020027108001202501
0301020035108001202501
0301020035108003202501
0301020043108001202501
0301020043108003202501
0301020051108001202501
0301020051108003202501
0301030022103006202501
0301030049103012202501
0301030057103002202501
0301030057103005202501
0301030081103002202501
0301030090103003202501
0301030103103002202501
0301030111104003202501
0301030120104003202501
0301030138104003202501
0301030146104003202501
0301030154103001202501
0301030162103003202501
0301030162103005202501
0301040052165001202501
0301040060165008202501
0301040168121001202501
0301040168122003202501
0301040168145001202501
0301040168145002202501
0301040168145005202501
0301050015133001202501
0301050031113001202501
0301050031113003202501
0301050031113004202501
0301050040106004202501
0301050040113001202501
0301050066113003202501
0301050066113004202501
0301050066133001202501
0301050074113002202501
0301050082113003202501
0301050082113004202501
0301050112113003202501
0301050112113004202501
0301050120113003202501
0301050120113004202501
0301050139113003202501
0301050139113004202501
0301050147108003202501
0301050147113003202501
0301050147113004202501
0301050155113002202501
0301050155113004202501
0301050163113003202501
0301050163113004202501
0301050163133001202501
0301050171113003202501
0301050171113004202501
0301050171133001202501
0301070016107005202501
0301070024113001202501
0301070024113002202501
0301070024113003202501
0301070024113004202501
0301070024135001202501
0301070024135002202501
0301070024135003202501
0301070024135005202501
0301070024135010202501
0301070032135005202501
0301070032135010202501
0301070040115002202501
0301070040135001202501
0301070040135002202501
0301070040135003202501
0301070040135005202501
0301070040135010202501
0301070040135011202501
0301070067113001202501
0301070067113002202501
0301070067113003202501
0301070067135001202501
0301070067135002202501
0301070067135003202501
0301070067135005202501
0301070067135010202501
0301070075135001202501
0301070075135002202501
0301070075135003202501
0301070075135005202501
0301070075135007202501
0301070075135008202501
0301070075135010202501
0301070083135001202501
0301070083135002202501
0301070083135003202501
0301070083135005202501
0301070083135010202501
0301070091135001202501
0301070091135002202501
0301070091135003202501
0301070091135005202501
0301070091135011202501
0301070105135003202501
0301070105135011202501
0301070113113001202501
0301070113113002202501
0301070113113003202501
0301070113135001202501
0301070113135002202501
0301070113135003202501
0301070113135005202501
0301070113135010202501
0301070121135003202501
0301070130135003202501
0301070130135011202501
0301070148135001202501
0301070156135001202501
0301070164135001202501
0301070172107008202501
0301070180107008202501
0301070199107008202501
0301070210135001202501
0301070210135002202501
0301070210135003202501
0301070210135005202501
0301070210135010202501
0301070210135011202501
0301070229135003202501
0301070229135011202501
0301070237135003202501
0301070237135011202501
0301070245135001202501
0301070253135005202501
0301070253135010202501
0301070261135002202501
0301070270135001202501
0301070270135002202501
0301070270135003202501
0301070270135005202501
0301070270135010202501
0301070270135011202501
0301070288135001202501
0301070288135002202501
0301070288135003202501
0301070288135005202501
0301070288135010202501
0301070288135011202501
0301070296135001202501
0301070296135002202501
0301070296135003202501
0301070296135005202501
0301070300135001202501
0301070300135002202501
0301070300135003202501
0301070300135005202501
0301080011119001202501
0301080020115002202501
0301080038115002202501
0301080046115001202501
0301080046115004202501
0301080046115005202501
0301080160115002202501
0301080160135001202501
0301080160135002202501
0301080160135003202501
0301080160135005202501
0301080160135010202501
0301080160135011202501
0301080178115002202501
0301080194115002202501
0301080208115002202501
0301080216115002202501
0301080224115002202501
0301080232115002202501
0301080240115002202501
0301080259115002202501
0301080267115002202501
0301080275115002202501
0301080283115002202501
0301080291115002202501
0301080305115002202501
0301080313115002202501
0301080321115002202501
0301080330115002202501
0301080348115002202501
0301080356115002202501
0301080364115008202501
0301080372115006202501
0301080380115007202501
0301080399115002202501
0301080402108001202501
0301080402108003202501
0301080410108001202501
0301080410108003202501
0301080429108001202501
0301080429108003202501
0301080437115010202501
0301080445115010202501
0301080453115010202501
0301080461115010202501
0301110018117002202501
0301110026117002202501
0301120056127001202501
0301120064139005202501
0301120072139006202501
0301120080127001202501
0301130035153001202501
0301130043153001202501
0301130043153002202501
0301130051130006202501
0301130060130006202501
0301140014113002202501
0301140014113004202501
0302010017126001202501
0302010025126001202501
0302010033126001202501
0302020020113001202501
0302020020113002202501
0302020020113003202501
0302020020113004202501
0302020020126002202501
0302020039126002202501
0302030018126003202501
0302030018135001202501
0302030026126003202501
0302030026135001202501
0302040013126002202501
0302040013126004202501
0302040013126006202501
0302040013126007202501
0302040013135003202501
0302040013135011202501
0302040021113001202501
0302040021113002202501
0302040021113003202501
0302040021126004202501
0302040021135003202501
0302040021135011202501
0302040030113001202501
0302040030113002202501
0302040030113003202501
0302040030113004202501
0302040030126004202501
0302040048126004202501
0302040048135003202501
0302040048135011202501
0302040056126004202501
0302040056135003202501
0302040056135011202501
0302040064113001202501
0302040064113003202501
0302040064113004202501
0302040064126004202501
0302050019126005202501
0302050019135003202501
0302050019135011202501
0302050027113001202501
0302050027113002202501
0302050027113003202501
0302050027126005202501
0302050027135003202501
0302050027135011202501
0302050035126005202501
0302060014113001202501
0302060014113002202501
0302060014113003202501
0302060014126007202501
0302060014135003202501
0302060014135011202501
0302060022113001202501
0302060022113002202501
0302060022113003202501
0302060022126007202501
0302060022135003202501
0302060022135011202501
0302060030126007202501
0302060030135003202501
0302060030135011202501
0302060049126007202501
0302060049135002202501
0302060049135003202501
0302060049135011202501
0302060057126007202501
0302060057135003202501
0302060057135011202501
0302070010126006202501
0302070028126006202501
0302070036126006202501
0303010231108001202501
0303030089153001202501
0303030097153001202501
0303040068105001202501
0303040068105002202501
0303040068105003202501
0303040068105004202501
0303040068105005202501
0303040068105006202501
0303040068105007202501
0303040068105008202501
0303040068132005202501
0303040106105001202501
0303040106105002202501
0303040106105003202501
0303040106105004202501
0303040106105005202501
0303040114105001202501
0303040114105002202501
0303040114105003202501
0303040114105004202501
0303040114105005202501
0303040114155001202501
0303040114155002202501
0303040114155003202501
0303040122105001202501
0303040122105002202501
0303040122105003202501
0303040122105004202501
0303040122105005202501
0303040122132005202501
0303040300140005202501
0303040300140006202501
0303040300140019202501
0303050012131002202501
0303050020131002202501
0303050039131002202501
0303050047131002202501
0303050055131002202501
0303050063131002202501
0303050071131002202501
0303050080131002202501
0303050098131002202501
0303050101131002202501
0303050110131002202501
0303050136131002202501
0303050144131002202501
0303050152131002202501
0303050160131002202501
0303050179131002202501
0303050187131002202501
0303050195131002202501
0303050209131002202501
0303050217131002202501
0303050225131002202501
0303050233131002202501
0303070013142001202501
0303070137127001202501
0303170131115003202501
0303170140115003202501
0303170158115003202501
0303170166115003202501
0303170174115003202501
0303170182115003202501
0303190019113001202501
0303190019113002202501
0303190019113003202501
0303190019113004202501
0303190019135003202501
0304010111132001202501
0304010111132002202501
0304010111132003202501
0304010111132004202501
0304010170132004202501
0304010340132004202501
0304010359105003202501
0304010359105004202501
0304010359132001202501
0304010359132003202501
0304010359132004202501
0304010367132004202501
0304010375132004202501
0304010383132004202501
0304010391132004202501
0304010405132004202501
0304010413132004202501
0304010421132004202501
0304010430132004202501
0304010448132004202501
0304010456132004202501
0304010464132004202501
0304010472132004202501
0304010480132004202501
0304010499132004202501
0304010502132004202501
0304010510132004202501
0304010529132004202501
0304010537132004202501
0304010545132004202501
0304010553132004202501
0304010561132004202501
0304010570132004202501
0304010588132004202501
0304010596132004202501
0304020010132003202501
0304020028132003202501
0304020036132003202501
0304020044132003202501
0304020052132003202501
0304020060132003202501
0304020079132003202501
0304020087132003202501
0304020095132003202501
0304020109132003202501
0304020117132003202501
0304020125132003202501
0304020133132003202501
0304020141132003202501
0304020150132003202501
0304020168132003202501
0304020176132003202501
0304020184132003202501
0304020192132003202501
0304020206132003202501
0304020214132003202501
0304020222132003202501
0304020230132003202501
0304020249132003202501
0304020257132003202501
0304020265132003202501
0304020273132003202501
0304020281132003202501
0304020290132003202501
0304020303132003202501
0304020311132003202501
0304020320132003202501
0304020338132003202501
0304020346132003202501
0304020362132003202501
0304020370132003202501
0304020389132003202501
0304020397132003202501
0304020400132003202501
0304020419132003202501
0304020427132003202501
0304020435132003202501
0304020443132003202501
0304030015132002202501
0304030015132003202501
0304030023132002202501
0304030023132003202501
0304030031132002202501
0304030031132003202501
0304030040132002202501
0304030040132003202501
0304030058132002202501
0304030058132003202501
0304030066132002202501
0304030066132003202501
0304030074132002202501
0304030074132003202501
0304030082132002202501
0304030082132003202501
0304030090132002202501
0304030090132003202501
0304030104132002202501
0304030104132003202501
0304030112132002202501
0304030112132003202501
0304030120132002202501
0304030120132003202501
0304030139132002202501
0304030139132003202501
0304030147132002202501
0304030147132003202501
0304030155132002202501
0304030155132003202501
0304030163132002202501
0304030163132003202501
0304030171132002202501
0304030171132003202501
0304030180132002202501
0304030180132003202501
0304030198132002202501
0304030198132003202501
0304030201132002202501
0304030201132003202501
0304030210132002202501
0304030210132003202501
0304030228132002202501
0304030228132003202501
0304030236132003202501
0304030244132003202501
0304030252132002202501
0304030252132003202501
0304030260132002202501
0304030260132003202501
0304040010132003202501
0304040029132003202501
0304040045132003202501
0304040053132003202501
0304040061132003202501
0304040070132003202501
0304040088132003202501
0304040096132003202501
0304040100132003202501
0304040118132003202501
0304040126132003202501
0304040134132003202501
0304040142132003202501
0304040150132003202501
0304040169132003202501
0304040177132003202501
0304040185132003202501
0304040193132003202501
0304040207132003202501
0304050016132003202501
0304050024132003202501
0304050032132003202501
0304050040132003202501
0304050067132003202501
0304050075132003202501
0304050113132003202501
0304050121132003202501
0304050130132003202501
0304050172132003202501
0304050180132003202501
0304050202132003202501
0304050210132003202501
0304050229132003202501
0304050253132003202501
0304050261132003202501
0304050270132003202501
0304050288132003202501
0304050296132003202501
0304050300132003202501
0304050318132003202501
0304050326132003202501
0304050334132003202501
0304050342132003202501
0304060011132002202501
0304060011132003202501
0304060038132002202501
0304060038132003202501
0304060046132002202501
0304060046132003202501
0304060070132002202501
0304060070132003202501
0304060089132002202501
0304060089132003202501
0304060097132002202501
0304060097132003202501
0304060100132002202501
0304060100132003202501
0304060119132002202501
0304060119132003202501
0304060127132002202501
0304060127132003202501
0304060135132002202501
0304060135132003202501
0304060151132003202501
0304060160132003202501
0304060178132003202501
0304060186132003202501
0304060208132003202501
0304060216132003202501
0304060224132002202501
0304060224132003202501
0304060232132002202501
0304060232132003202501
0304060240132002202501
0304060240132003202501
0304070017132001202501
0304070017132002202501
0304070017132003202501
0304070025132001202501
0304070025132002202501
0304070025132003202501
0304070033132001202501
0304070033132002202501
0304070033132003202501
0304070041132001202501
0304070041132002202501
0304070041132003202501
0304070050132001202501
0304070050132003202501
0304070068132001202501
0304070068132002202501
0304070068132003202501
0304070076132001202501
0304070076132002202501
0304070076132003202501
0304070084132001202501
0304070084132002202501
0304070092132001202501
0304070092132002202501
0304080012132001202501
0304080012132002202501
0304080012132003202501
0304080020132001202501
0304080020132002202501
0304080020132003202501
0304080039132001202501
0304080039132002202501
0304080039132003202501
0304080047132001202501
0304080047132003202501
0304080055132001202501
0304080055132002202501
0304080055132003202501
0304080063132003202501
0304080071132001202501
0304080071132002202501
0304080071132003202501
0304080080132001202501
0304080080132002202501
0304090018151001202501
0304090026151001202501
0304090034151001202501
0304090042151001202501
0304090050151001202501
0304090069151001202501
0305010018130005202501
0305010026130005202501
0305010093130001202501
0305010107130001202501
0305010115130001202501
0305010123130001202501
0305010166130005202501
0305010204130001202501
0305010212130001202501
0306010011128001202501
0306010020128001202501
0306010038128001202501
0306020017128004202501
0306020025128004202501
0306020033128004202501
0306020041128003202501
0306020050128004202501
0306020068128004202501
0306020076128004202501
0306020084128004202501
0306020092128004202501
0306020106128004202501
0306020114128004202501
0306020122128004202501
0306020130128004202501
0306020149128004202501
0306020157128004202501
0306020165128004202501
0306020173128004202501
0306020181128004202501
0306020190128004202501
0306020203128004202501
0306020211128004202501
0309030056142003202501
0309030064142003202501
0309030102169002202501
0309030110169002202501
0309030129169002202501
0309030137169002202501
0309050014113001202501
0309050014113002202501
0309050014113003202501
0309050014134001202501
0309050014135001202501
0309050014135002202501
0309050014135003202501
0309050014135005202501
0309050014135010202501
0309050014135011202501
0309050022113001202501
0309050022113002202501
0309050022113003202501
0309050022134001202501
0309050022135001202501
0309050022135002202501
0309050022135003202501
0309050022135005202501
0309050022135010202501
0309050022135011202501
0309050030113001202501
0309050030113002202501
0309050030113003202501
0309050030113004202501
0309050030134003202501
0309050030135001202501
0309050030135002202501
0309050030135003202501
0309050030135005202501
0309050030135010202501
0309050030135011202501
0309070015116008202501
0309070023116008202501
0311010016113001202501
0311010016113002202501
0311010016113003202501
0311010016113004202501
0311010016126002202501
0311010016171001202501
0311010024113001202501
0311010024113003202501
0311010024113004202501
0311010024171001202501
0311020011113001202501
0311020011113002202501
0311020011113003202501
0311020011113004202501
0311020011126002202501
0311020011171001202501
0311020011171002202501
0311020020113003202501
0311020020113004202501
0311020020171001202501
0311020020171002202501
0311020038113003202501
0311020038113004202501
0311020038171001202501
0311020038171002202501
0311020046113003202501
0311020046113004202501
0311020046171001202501
0311020046171002202501
0403010047105001202501
0403010047105002202501
0403010047105003202501
0403010047105004202501
0403010047105005202501
0403010047132005202501
0403010055105001202501
0403010055105002202501
0403010055105003202501
0403010055105004202501
0403010055105005202501
0403010055132005202501
0403010071105001202501
0403010071105002202501
0403010071105003202501
0403010071105004202501
0403010071105005202501
0403010071132005202501
0403010110105001202501
0403010110105002202501
0403010110105003202501
0403010110105004202501
0403010110105005202501
0403010110132005202501
0403010128105001202501
0403010128105002202501
0403010128105003202501
0403010128105004202501
0403010128105005202501
0403010128132005202501
0403010136105001202501
0403010136105002202501
0403010136105003202501
0403010136105004202501
0403010136105005202501
0403010144105001202501
0403010144105002202501
0403010144105003202501
0403010144105004202501
0403010144105005202501
0403010144132005202501
0403010217105001202501
0403010217105002202501
0403010217105003202501
0403010217105004202501
0403010217105005202501
0403010225105001202501
0403010225105002202501
0403010225105003202501
0403010225105004202501
0403010225105005202501
0403010233105001202501
0403010233105002202501
0403010233105003202501
0403010233105004202501
0403010233105005202501
0403010241105001202501
0403010241105002202501
0403010241105003202501
0403010241105004202501
0403010241105005202501
0403010241132005202501
0403010250105001202501
0403010250105002202501
0403010250105003202501
0403010250105004202501
0403010250105005202501
0403010250132005202501
0403010292105001202501
0403010292105002202501
0403010292105003202501
0403010292105004202501
0403010292105005202501
0403010292132005202501
0403010330105001202501
0403010330105002202501
0403010330105003202501
0403010330105004202501
0403010330105005202501
0403010357105001202501
0403010357105002202501
0403010357105003202501
0403010357105004202501
0403010357105005202501
0403010357132005202501
0403010390105001202501
0403010390105002202501
0403010390105003202501
0403010390105004202501
0403010390105005202501
0403010390132005202501
0403020018105001202501
0403020018105002202501
0403020018105003202501
0403020018105004202501
0403020018105005202501
0403020018132005202501
0403020018155001202501
0403020018155002202501
0403020026105001202501
0403020026105002202501
0403020026105003202501
0403020026105004202501
0403020026105005202501
0403020026132005202501
0403020026155001202501
0403020026155002202501
0403020034105001202501
0403020034105002202501
0403020034105003202501
0403020034105004202501
0403020034105005202501
0403020034132005202501
0403020034155001202501
0403020034155002202501
0403020042105001202501
0403020042105002202501
0403020042105003202501
0403020042105004202501
0403020042105005202501
0403020042132005202501
0403020042155001202501
0403020042155002202501
0403020050105001202501
0403020050105002202501
0403020050105003202501
0403020050105004202501
0403020050105005202501
0403020050132005202501
0403020050155001202501
0403020050155002202501
0403020069105001202501
0403020069105002202501
0403020069105003202501
0403020069105004202501
0403020069105005202501
0403020069132005202501
0403020069155001202501
0403020069155002202501
0403020093105001202501
0403020093105002202501
0403020093105003202501
0403020093105004202501
0403020093105005202501
0403020093132005202501
0403020115105001202501
0403020115105002202501
0403020115105003202501
0403020115105004202501
0403020115105005202501
0403020115132005202501
0403020115155001202501
0403020115155002202501
0403020131105001202501
0403020131105002202501
0403020131105003202501
0403020131105004202501
0403020131105005202501
0403020131132005202501
0403020131155001202501
0403020131155002202501
0403030013105001202501
0403030013105002202501
0403030013105003202501
0403030013105004202501
0403030013105005202501
0403030013132005202501
0403030021105001202501
0403030021105002202501
0403030021105003202501
0403030021105004202501
0403030021105005202501
0403030021132005202501
0403030030105001202501
0403030030105002202501
0403030030105003202501
0403030030105004202501
0403030030105005202501
0403030030132005202501
0403030048105001202501
0403030048105002202501
0403030048105003202501
0403030048105004202501
0403030048105005202501
0403030048132005202501
0403030056105001202501
0403030056105002202501
0403030056105003202501
0403030056105004202501
0403030056105005202501
0403030056132005202501
0403030064105001202501
0403030064105002202501
0403030064105003202501
0403030064105004202501
0403030064105005202501
0403030064132005202501
0403030080105001202501
0403030080105002202501
0403030080105003202501
0403030080105004202501
0403030080105005202501
0403030080132005202501
0403030099105001202501
0403030099105002202501
0403030099105003202501
0403030099105004202501
0403030099105005202501
0403030099132005202501
0403030102105001202501
0403030102105002202501
0403030102105003202501
0403030102105004202501
0403030102105005202501
0403030102132005202501
0403030110105001202501
0403030110105002202501
0403030110105003202501
0403030110105004202501
0403030110105005202501
0403030110132005202501
0403030129105001202501
0403030129105002202501
0403030129105003202501
0403030129105004202501
0403030129105005202501
0403030129132005202501
0403030137105001202501
0403030137105002202501
0403030137105003202501
0403030137105004202501
0403030137105005202501
0403030137132005202501
0403030145105001202501
0403030145105002202501
0403030145105003202501
0403030145105004202501
0403030145105005202501
0403030145132005202501
0403030153105001202501
0403030153105002202501
0403030153105003202501
0403030153105004202501
0403030153105005202501
0403030153132005202501
0403030161105001202501
0403030161105002202501
0403030161105003202501
0403030161105004202501
0403030161105005202501
0403030161132005202501
0403040019105001202501
0403040019105002202501
0403040019105003202501
0403040019105004202501
0403040019105005202501
0403040027105001202501
0403040027105002202501
0403040027105003202501
0403040027105004202501
0403040027105005202501
0403040027132005202501
0403040051105001202501
0403040051105002202501
0403040051105003202501
0403040051105004202501
0403040051105005202501
0403040060105001202501
0403040060105002202501
0403040060105003202501
0403040060105004202501
0403040060105005202501
0403040078105001202501
0403040078105002202501
0403040078105003202501
0403040078105004202501
0403040078105005202501
0403040086105001202501
0403040086105002202501
0403040086105003202501
0403040086105004202501
0403040086105005202501
0403040086132005202501
0403040094105001202501
0403040094105002202501
0403040094105003202501
0403040094105004202501
0403040094105005202501
0403040108105001202501
0403040108105002202501
0403040108105003202501
0403040108105004202501
0403040108105005202501
0403040116105001202501
0403040116105002202501
0403040116105003202501
0403040116105004202501
0403040116105005202501
0403040124105001202501
0403040124105002202501
0403040124105003202501
0403040124105004202501
0403040124105005202501
0403050030105001202501
0403050030105002202501
0403050030105003202501
0403050030105004202501
0403050030105005202501
0403050030132005202501
0403050049105001202501
0403050049105002202501
0403050049105003202501
0403050049105004202501
0403050049105005202501
0403050049132005202501
0403050057105001202501
0403050057105002202501
0403050057105003202501
0403050057105004202501
0403050057105005202501
0403050057105008202501
0403050065105001202501
0403050065105002202501
0403050065105003202501
0403050065105004202501
0403050065105005202501
0403050065132005202501
0403050073105001202501
0403050073105002202501
0403050073105003202501
0403050073105004202501
0403050073105005202501
0403050073132005202501
0403050090105001202501
0403050090105002202501
0403050090105003202501
0403050090105004202501
0403050090105005202501
0403050090132005202501
0403050103105001202501
0403050103105002202501
0403050103105003202501
0403050103105004202501
0403050103105005202501
0403050103132005202501
0403050154105001202501
0403050154105002202501
0403050154105003202501
0403050154105004202501
0403050154105005202501
0403050154132005202501
0403050162105001202501
0403050162105002202501
0403050162105003202501
0403050162105004202501
0403050162105005202501
0403050162132005202501
0403060010105006202501
0403060028105006202501
0403060036105006202501
0403060044105006202501
0403060052105006202501
0403060060105006202501
0403060079105006202501
0403060087105006202501
0403060095105006202501
0403070015105007202501
0403070040105007202501
0403070058105007202501
0403070082105007202501
0403070090105007202501
0403070104105007202501
0403070112105007202501
0403070120105007202501
0403070139105007202501
0403070139132005202501
0403070147105007202501
0403070155105007202501
0403070163105007202501
0403070171105007202501
0403080010105008202501
0403080029105008202501
0403080037105008202501
0403080045105008202501
0403080053105008202501
0403080061105008202501
0403080070105008202501
0403080088105008202501
0403080096105008202501
0403080100105008202501
0404010563153002202501
0404010571107008202501
0404010580107008202501
0404010598107008202501
0404010601107008202501
0404010610107008202501
0404010628107008202501
0404010636107008202501
0404010644107008202501
0404010652107008202501
0404020445114006202501
0404020445114007202501
0405010010131003202501
0405010028131003202501
0405010036131003202501
0405010044131003202501
0405010052131003202501
0405010060131003202501
0405010079131003202501
0405010087131003202501
0405010109131003202501
0405010117131003202501
0405010125131003202501
0405010125132001202501
0405010125132005202501
0405010133131003202501
0405010133132001202501
0405010133132005202501
0405010141131003202501
0405010150131003202501
0405010168131003202501
0405010176131003202501
0405010184131003202501
0405010192131003202501
0405010206131003202501
0405020015131003202501
0405020023131003202501
0405030010131003202501
0405030010132001202501
0405030010132005202501
0405030029131003202501
0405030037131003202501
0405030045131003202501
0405030053131003202501
0405030070131003202501
0405030096131003202501
0405030100131003202501
0405030118131003202501
0405030126131003202501
0405030126132001202501
0405030126132005202501
0405030134131003202501
0405030142131003202501
0405030150131003202501
0405030169131003202501
0405030177131003202501
0405030185131003202501
0405030193131003202501
0405030207131003202501
0405030215131003202501
0405030223131003202501
0405030231131003202501
0405040016131003202501
0405040024131003202501
0405040024132001202501
0405040024132005202501
0405040040131003202501
0405040059131003202501
0405040067131003202501
0405040067132001202501
0405040067132005202501
0405040075131003202501
0405040075132001202501
0405040075132005202501
0405040083131003202501
0405040083132001202501
0405040083132005202501
0405040091131003202501
0405040091132001202501
0405040091132005202501
0405040105131003202501
0405040130131003202501
0405040148131003202501
0405040148132001202501
0405040148132005202501
0405040156131003202501
0405040156132001202501
0405040156132005202501
0405040164131003202501
0405040164132001202501
0405040164132005202501
0405040180131003202501
0405040199131003202501
0405040202131003202501
0405040210131003202501
0405050011131003202501
0405050020131003202501
0405050038131003202501
0405050046131003202501
0405050054131003202501
0405050062131003202501
0405050070131003202501
0405050089131003202501
0405050089132001202501
0405050089132005202501
0405050097131003202501
0405050100131003202501
0405050119131003202501
0405050127131003202501
0405050135131003202501
0405050143131003202501
0405050151131003202501
0405050160131003202501
0405050178131003202501
0405050186131003202501
0405050194131003202501
0405050208131003202501
0405050208132001202501
0405050208132005202501
0405050216131003202501
0405050224131003202501
0405050232131003202501
0405050240131003202501
0405050259131003202501
0405050267131003202501
0405050283131003202501
0405050291131003202501
0405050305131003202501
0405050313131003202501
0405050321131003202501
0405050356131003202501
0405050364131003202501
0405050372131003202501
0405050380131003202501
0405050399131003202501
0406010013116003202501
0406010021116002202501
0406010021116003202501
0406010048116002202501
0406010048116003202501
0406010056116002202501
0406010056116003202501
0406010064116002202501
0406010064116003202501
0406010072116002202501
0406010072116003202501
0406010080116002202501
0406010080116003202501
0406010099116002202501
0406010099116003202501
0406010137116002202501
0406010137116003202501
0406010137116004202501
0406010153116003202501
0406010161116002202501
0406010161116003202501
0406010170116002202501
0406010170116003202501
0406010188116002202501
0406010188116003202501
0406010196116003202501
0406010200116002202501
0406010200116003202501
0406010218116002202501
0406010218116003202501
0406010226116003202501
0406010234116002202501
0406010234116003202501
0406010242116002202501
0406010242116003202501
0406010250116003202501
0406010269116003202501
0406010277116003202501
0406010285116003202501
0406010293116002202501
0406010293116003202501
0406010307116002202501
0406010307116003202501
0406010315116002202501
0406010315116003202501
0406010323116002202501
0406010323116003202501
0406010331116003202501
0406010340116002202501
0406010340116003202501
0406010358116002202501
0406010358116003202501
0406010366116003202501
0406010374116003202501
0406010382116002202501
0406010382116003202501
0406010390116002202501
0406010390116003202501
0406010404116002202501
0406010404116003202501
0406010420116003202501
0406010439116002202501
0406010439116003202501
0406010447116003202501
0406010455116002202501
0406010455116003202501
0406010463116003202501
0406010471116003202501
0406010480116002202501
0406010480116003202501
0406010498116003202501
0406010501116002202501
0406010501116003202501
0406010528116002202501
0406010528116003202501
0406010536116002202501
0406010536116003202501
0406010544116002202501
0406010544116003202501
0406010552116002202501
0406010552116003202501
0406010560116002202501
0406010560116003202501
0406010579116002202501
0406010579116003202501
0406010617116002202501
0406010617116005202501
0406010722116002202501
0406011230116002202501
0406011230116003202501
0406011249116002202501
0406011249116003202501
0406011257116002202501
0406011257116003202501
0406011265116002202501
0406011265116003202501
0406011273116002202501
0406011273116003202501
0406011281116002202501
0406011281116003202501
0406011290116002202501
0406011290116003202501
0406011303116002202501
0406011303116003202501
0406011311116002202501
0406011311116003202501
0406011320116002202501
0406011320116003202501
0406011338116002202501
0406011338116003202501
0406011346116002202501
0406011346116003202501
0406011354116002202501
0406011354116003202501
0406011362116002202501
0406011362116003202501
0406011370116002202501
0406011370116003202501
0406011389116002202501
0406011389116003202501
0406011397116002202501
0406011397116003202501
0406011400116002202501
0406011400116003202501
0406011419116002202501
0406011419116003202501
0406011427116002202501
0406011427116003202501
0406011435116002202501
0406011435116003202501
0406011443116002202501
0406011443116003202501
0406011451116002202501
0406011451116003202501
0406011460116002202501
0406011460116003202501
0406011478116002202501
0406011478116003202501
0406011486116002202501
0406011486116003202501
0406011494116002202501
0406011494116003202501
0406011508116002202501
0406011508116003202501
0406011516116002202501
0406011516116003202501
0407010122127001202501
0407010173127001202501
0407010181127001202501
0407010360127001202501
0407010378127001202501
0407030085121006202501
0407030093121006202501
0407030107121006202501
0407030115121006202501
0407030239121006202501
0407030255142001202501
0409010189169002202501
0409050130153002202501
0409050148153002202501
0409050164153002202501
0409060291153002202501
0409070319153002202501
0410010197153002202501
0410010200153002202501
0410010219132005202501
0413010015117002202501
0413010015140019202501
0413010031117002202501
0413010040117002202501
0413010058117002202501
0413010066117002202501
0413010066140019202501
0413010074117002202501
0413010082117002202501
0413010082140012202501
0413010082140019202501
0413010090117002202501
0413010090140006202501
0413010090140019202501
0413030016117001202501
0413030024117001202501
0413030032117001202501
0413030040117001202501
0413030040117003202501
0413030059117001202501
0413030067117001202501
0413030075117001202501
0413030083117001202501
0413040038127001202501
0413040054127001202501
0413040062127001202501
0413040070127001202501
0413040089127001202501
0413040259127001202501
0415020018127001202501
0415020050132005202501
0416010016132005202501
0416010024132005202501
0416010040132005202501
0416010075132005202501
0416010091132005202501
0416010113132005202501
0416010121132005202501
0416010130132005202501
0416010164132005202501
0416010172132005202501
0416010180132005202501
0416010199132005202501
0416010202132005202501
0416010210132005202501
0416010229132005202501
0416020020132005202501
0416020151132005202501
0416020160132005202501
0416020178132005202501
0416020186132005202501
0416020194132005202501
0416020208132005202501
0416020216132005202501
0416020224132005202501
0416020232132005202501
0416020240132005202501
0416020259132005202501
0416030025132005202501
0416030033132005202501
0416030041132005202501
0416030068132005202501
0416030076132005202501
0416030084132005202501
0416030092132005202501
0416030149132005202501
0416030157132005202501
0416030165132005202501
0416030173132005202501
0416030181132005202501
0416030190132005202501
0416030203132005202501
0416030211132005202501
0416030220132005202501
0416030238132005202501
0416030246132005202501
0416030254132005202501
0416030262132005202501
0416030270132005202501
0416030289132005202501
0416030297132005202501
0416030300132005202501
0416030319132005202501
0416030327132005202501
0416030335132005202501
0416030343132005202501
0416030351132005202501
0416030360132005202501
0416040012132005202501
0416040020132005202501
0416040039132005202501
0416040047132005202501
0416040055132005202501
0416040071132005202501
0416040101132005202501
0416040110132005202501
0416040128132005202501
0416040144132005202501
0416040179132005202501
0416040187132005202501
0416040195132005202501
0416040209132005202501
0416040217132005202501
0416040225132005202501
0416040233132005202501
0416040241132005202501
0416040250132005202501
0416040268132005202501
0416040276132005202501
0416040284132005202501
0416040292132005202501
0416040306132003202501
0416040306132005202501
0416040314132005202501
0416040322132005202501
0416040330132005202501
0416040349132005202501
0416050018132005202501
0416050026132005202501
0416050034132005202501
0416050050132005202501
0416050077132005202501
0416050093132005202501
0416050107132005202501
0416050115132005202501
0416050123132005202501
0416060013132005202501
0416060021132005202501
0416060030132005202501
0416060056132005202501
0416060064132005202501
0416060080132005202501
0416060099132005202501
0416060102132005202501
0416060110132005202501
0416060129132005202501
0416060137132005202501
0416080014132005202501
0416080030132005202501
0416080081132005202501
0416080090132005202501
0416080111132005202501
0416080120132005202501
0416090010132005202501
0416090028132005202501
0416090036132005202501
0416090079132005202501
0416090109132005202501
0416090117132005202501
0416090125132005202501
0416090133132005202501
0416110010132005202501
0416110029132005202501
0416110037132005202501
0416110045132005202501
0416110053132005202501
0416110061132005202501
0416110070132005202501
0416110088132005202501
0416120024132005202501
0416120032132005202501
0416120040132005202501
0416120059132005202501
0418010013150002202501
0418010021150002202501
0418010030150001202501
0418010048130003202501
0418010064130003202501
0418010080130003202501
0418010099130003202501
0418020019130003202501
0418020027130003202501
0418020035130003202501
0501010017128001202501
0501060014121001202501
0501060014121007202501
0501060014149015202501
0501060022149015202501
0501060022151001202501
0501060022151003202501
0501060030121002202501
0501060030121008202501
0501060030149015202501
0501060049122004202501
0501060049122008202501
0501060049149015202501
0501060057121001202501
0501060057121002202501
0501060057121007202501
0501060057121008202501
0501060057122004202501
0501060057122008202501
0501060057149015202501
0501060057151001202501
0501060057151003202501
0501070028145003202501
0501070036145003202501
0501080031145008202501
0501080104145008202501
0502010010149015202501
0502010029149015202501
0503010014149015202501
0503010022149015202501
0503030015149015202501
0503030023149015202501
0503030031149015202501
0503030040149015202501
0503030058149015202501
0503030058149016202501
0503030066149015202501
0503030074149015202501
0503030082149015202501
0503030090149015202501
0503030104149015202501
0503040010149015202501
0503040029149015202501
0503040037149015202501
0503040045149015202501
0503040053149015202501
0503040061149015202501
0503040088149015202501
0504020013154002202501
0504020021154002202501
0504020030154002202501
0504020048154002202501
0504020056154002202501
0504030027154001202501
0506010058149015202501
0506010066149014202501
0506010074149014202501
0506010082149014202501
0506010090149014202501
0506010104149014202501
0506010112149014202501
0506010120149014202501
0506010139149014202501
0603010016125006202501
0603020011125006202501
0603020020125006202501
0603020038125006202501
0603020046125006202501
0603020054125006202501
0603020097125006202501
0603030017125006202501
0603030033125006202501
0603040012125006202501
0603050018125006202501
0603050026125006202501
0603050034125006202501
0603050042125006202501
0603050050125006202501
0603050069125006202501
0603050085125006202501
0603050093125006202501
0603050107125006202501
0603050115103003202501
0603050115103005202501
0603050115103012202501
0603050123103003202501
0603050123103005202501
0603050123103012202501
0603060013125006202501
0603070019125006202501
0603080014125006202501
0603080022125006202501
0603080030125006202501
0603080049125006202501
0603080057125006202501
0603080065125006202501
0603080081125006202501
0603080103125006202501
0603080120125006202501
0603080138125006202501
0603080146125006202501
0603080162125006202501
0603080170125006202501
0603080189125006202501
0603080197125006202501
0603080200125006202501
0603080219125006202501
0603080227125006202501
0603080278125006202501
0603080286125006202501
0603080294125006202501
0604010010125001202501
0604010028125001202501
0604010036125001202501
0604010044125001202501
0604010052125001202501
0604010060125001202501
0604010079125001202501
0604010087125001202501
0604010095125001202501
0604010109125001202501
0604020015125001202501
0604020023125001202501
0604020031125001202501
0604020040125001202501
0604020058125001202501
0604030010125001202501
0604030037125001202501
0604030045125001202501
0604030053125001202501
0604030061125001202501
0604040016125001202501
0604040024125001202501
0604040032125001202501
0604040040125001202501
0604040059125001202501
0604040067125001202501
0604040075125001202501
0604040091125001202501
0604050011125001202501
0604050020125001202501
0604050038125001202501
0604050046125001202501
0604050054125001202501
0604050062125001202501
0604050070125001202501
0604050089125001202501
0604050097125001202501
0604050100125001202501
0604050119125001202501
0604060017125001202501
0604060025125001202501
0604070012125001202501
0604080018125001202501
0604080026125001202501
0604080034125001202501
0604090013125001202501
0604100019125001202501
0604100027125001202501
0604100035125001202501
0604110014125001202501
0604110022125001202501
0604110030125001202501
0604110049125001202501
0604110057125001202501
0604110065125001202501
0604110073125001202501
0604110081125001202501
0604120010125001202501
0604130015125001202501
0604130023125001202501
0604130031125001202501
0604130040125001202501
0604130058125001202501
0604130066125001202501
0604130074125001202501
0604130082125001202501
0604130090125001202501
0604130104125001202501
0604130112125001202501
0604130120125001202501
0604130139125001202501
0604140029125001202501
0604140037125001202501
0604150016125001202501
0604150024125001202501
0604160011125001202501
0604160020125001202501
0604160046125001202501
0604160054125001202501
0604160062125001202501
0604170017125001202501
0604170025125001202501
0604170033125001202501
0604170041125001202501
0604170050125001202501
0604180012125001202501
0604180020125001202501
0604190018125001202501
0604200013125001202501
0604210019125001202501
0604210027125001202501
0604220014125001202501
0604230010125001202501
0604230028125001202501
0604230036125001202501
0604230044125001202501
0604230052125001202501
0604230060125001202501
0604230079125001202501
0604230087125001202501
0604240023125001202501
0604240031125001202501
0604240058125001202501
0604240066125001202501
0604240074125001202501
0604240082125001202501
0604240090125001202501
0604240104125001202501
0604240112125001202501
0604240120125001202501
0604250010125001202501
0604250037125001202501
0604250045125001202501
0604260016125001202501
0604270011125001202501
0604270020125001202501
0604270038125001202501
0604270046125001202501
0604270054125001202501
0604270062125001202501
0604270070125001202501
0604270089125001202501
0604270097125001202501
0604270100125001202501
0604270119125001202501
0604280068125001202501
0604280076125001202501
0604280084125001202501
0604280092125001202501
0604280106125001202501
0604290012125001202501
0604290020125001202501
0604290039125001202501
0604290047125001202501
0604290063125001202501
0604290071125001202501
0604290080125001202501
0604310013125001202501
0604310021125001202501
0604310030125001202501
0604310048125001202501
0604310056125001202501
0604310064125001202501
0604320019125001202501
0604320027125001202501
0604320035125001202501
0604320043125001202501
0604320051125001202501
0604320060125001202501
0604320078125001202501
0604320086125001202501
0604320094125001202501
0604320116125001202501
0604320124125001202501
0604320132125001202501
0604320140125001202501
0604320159125001202501
0604320167125001202501
0604320175125001202501
0604320183125001202501
0604320191125001202501
0604320205125001202501
0604320213125001202501
0604320221125001202501
0604330014125001202501
0604330022125001202501
0604330030125001202501
0604330049125001202501
0604330057125001202501
0604330065125001202501
0604330073125001202501
0604330081125001202501
0604330090125001202501
0604330103125001202501
0604330111125001202501
0604330120125001202501
0604340010125001202501
0604340028125001202501
0604340036125001202501
0604340044125001202501
0604340052125001202501
0604340060125001202501
0604340079125001202501
0604350015125001202501
0604350023125001202501
0604350031125001202501
0604360010125001202501
0604360029125001202501
0604360037125001202501
0604360045125001202501
0604360053125001202501
0604360061125001202501
0604360070125001202501
0604360088125001202501
0604360096125001202501
0604360100125001202501
0604360118125001202501
0604360126125001202501
0604370016125001202501
0604370024125001202501
0604370032125001202501
0604380011125001202501
0604380020125001202501
0604380038125001202501
0604380046125001202501
0604380054125001202501
0604380062125001202501
0604380070125001202501
0604380089125001202501
0604380097125001202501
0604380100125001202501
0604380119125001202501
0604380127125001202501
0604380135125001202501
0604390017125001202501
0604390025125001202501
0604390033125001202501
0604390084125001202501
0604390092125001202501
0604390106125001202501
0604390114125001202501
0604400012125001202501
0604410018125001202501
0604410026125001202501
0604410034125001202501
0604420013125001202501
0604430019125001202501
0604440014125001202501
0604470010125001202501
0604470029125001202501
0604470037125001202501
0604470045125001202501
0604470053125001202501
0604480016125001202501
0604480024125001202501
0604490011125001202501
0604490020125001202501
0604500017125001202501
0604500025125001202501
0604500033125001202501
0604500041125001202501
0604500050125001202501
0604500068125001202501
0604500076125001202501
0604500084125001202501
0604500092125001202501
0604500106125001202501
0604500114125001202501
0604500122125001202501
0604500130125001202501
0604500149125001202501
0604510012125001202501
0604510020125001202501
0604510039125001202501
0604510047125001202501
0604520018125001202501
0604520026125001202501
0604530013125001202501
0604530021125001202501
0604530030125001202501
0604540019125001202501
0604540027125001202501
0604540035125001202501
0604540043125001202501
0604540060125001202501
0604540078125001202501
0604550014125001202501
0604550022125001202501
0604560010125001202501
0604570015125001202501
0604570023125001202501
0604570031125001202501
0604580010125001202501
0604580029125001202501
0604590016125001202501
0604590024125001202501
0604600011125001202501
0604600020125001202501
0604610017125001202501
0604610025125001202501
0604610033125001202501
0604620012125001202501
0604620020125001202501
0604620039125001202501
0604620047125001202501
0604630018125001202501
0604630026125001202501
0604630034125001202501
0604630042125001202501
0604630050125001202501
0604630069125001202501
0604630077125001202501
0604650019125001202501
0604650027125001202501
0604650035125001202501
0604660014125001202501
0604660022125001202501
0604660030125001202501
0604670010125001202501
0604680023125001202501
0604680031125001202501
0604680040125001202501
0604680058125001202501
0604690010125001202501
0604690029125001202501
0604690037125001202501
0604690045125001202501
0604700016125001202501
0604710011125001202501
0604710020125001202501
0604720017125001202501
0604720025125001202501
0604730012125001202501
0604740018125001202501
0604750013125001202501
0604750021125001202501
0604750030125001202501
0604750048125001202501
0604770014125001202501
0604770022125001202501
0604770030125001202501
0604780010125001202501
0604780036125001202501
0604780044125001202501
0604780052125001202501
0604780060125001202501
0604790015125001202501
0604800010125001202501
0604800029125001202501
0604810016125001202501
0604820011125001202501
0604830017125001202501
0604830025125001202501
0604830033125001202501
0604840012125001202501
0604840020125001202501
0604850018125001202501
0604850026125001202501
0604860013125001202501
0604860021125001202501
0604860030125001202501
0604870019125001202501
0604870027125001202501
0604870035125001202501
0604870043125001202501
0701010010135007202501
0701010010135008202501
0701010010164001202501
0701010029135007202501
0701010029135008202501
0701010029164001202501
0701010037135007202501
0701010037135008202501
0701010037164001202501
0701010037164012202501
0701010045135007202501
0701010045135008202501
0701010045164001202501
0701010053135007202501
0701010053135008202501
0701010053164001202501
0701010053164012202501
0701010061135007202501
0701010061135008202501
0701010061164001202501
0701010061164012202501
0701010070135007202501
0701010070135008202501
0701010070164001202501
0701010088135007202501
0701010088135008202501
0701010088164001202501
0701010088164012202501
0701010096135007202501
0701010096135008202501
0701010096164001202501
0701010096164012202501
0701010100135007202501
0701010100135008202501
0701010100164001202501
0701010118135007202501
0701010118135008202501
0701010118164001202501
0701010126135007202501
0701010126135008202501
0701010126164001202501
0701010134135007202501
0701010134135008202501
0701010134164001202501
0701010142135007202501
0701010142135008202501
0701010142164001202501
0701010142164012202501
0701010150135007202501
0701010150135008202501
0701010150164001202501
0701010150164012202501
0701010169135007202501
0701010169135008202501
0701010169164001202501
0701010169164012202501
0701010177135007202501
0701010177135008202501
0701010177164001202501
0701010177164012202501
0701010185135007202501
0701010185135008202501
0701010185164002202501
0701010193135007202501
0701010193135008202501
0701010193164002202501
0701010207135007202501
0701010207135008202501
0701010207164001202501
0701010207164002202501
0701010207164012202501
0701010215135007202501
0701010215135008202501
0701010215164001202501
0701010215164002202501
0701010215164012202501
0701010223135007202501
0701010223135008202501
0701010223164001202501
0701010223164002202501
0701010231135007202501
0701010231135008202501
0701010231164001202501
0701010231164002202501
0701010240135007202501
0701010240135008202501
0701010240164001202501
0701010240164002202501
0701010258135007202501
0701010258135008202501
0701010258164001202501
0701010258164002202501
0701010258164012202501
0701010266135007202501
0701010266135008202501
0701010266164001202501
0701010266164002202501
0701010266164012202501
0701010274135007202501
0701010274135008202501
0701010274164001202501
0701010274164002202501
0701010274164012202501
0701010282135007202501
0701010282135008202501
0701010282164001202501
0701010282164002202501
0701010282164012202501
0701010290135007202501
0701010290135008202501
0701010290164001202501
0701010290164002202501
0701010290164012202501
0701010304135007202501
0701010304135008202501
0701010304164001202501
0701010304164002202501
0701010304164012202501
0701010312135007202501
0701010312135008202501
0701010312164001202501
0701010312164002202501
0701010312164012202501
0701010320135007202501
0701010320135008202501
0701010320164001202501
0701010320164002202501
0701010320164012202501
0701010339135007202501
0701010339135008202501
0701010339164001202501
0701010339164002202501
0701010339164012202501
0701020016135007202501
0701020016135008202501
0701020016164001202501
0701020016164012202501
0701020024135007202501
0701020024135008202501
0701020024164001202501
0701020024164012202501
0701020032135007202501
0701020032135008202501
0701020032164001202501
0701020032164012202501
0701020040135007202501
0701020040135008202501
0701020040164001202501
0701020040164012202501
0701020059135007202501
0701020059135008202501
0701020059164001202501
0701020059164012202501
0701020067135007202501
0701020067135008202501
0701020067164001202501
0701020067164012202501
0701020075135007202501
0701020075135008202501
0701020075164001202501
0701020083135007202501
0701020083135008202501
0701020083164001202501
0701020083164012202501
0701020091135007202501
0701020091135008202501
0701020091164001202501
0701020091164012202501
0701020105135007202501
0701020105135008202501
0701020105164001202501
0701020105164012202501
0701020113135007202501
0701020113135008202501
0701020113164001202501
0701020121135007202501
0701020121135008202501
0701020121164001202501
0701020121164012202501
0701020130135007202501
0701020130135008202501
0701020130164001202501
0701020130164012202501
0701020148135007202501
0701020148135008202501
0701020148164001202501
0701020148164012202501
0701020156135007202501
0701020156135008202501
0701020156164001202501
0701020164135007202501
0701020164135008202501
0701020164164001202501
0701020172135007202501
0701020172135008202501
0701020172164001202501
0701020172164012202501
0701020180135007202501
0701020180135008202501
0701020180164001202501
0701020180164012202501
0701020199135007202501
0701020199135008202501
0701020199164001202501
0701020199164012202501
0701020202135007202501
0701020202135008202501
0701020202164001202501
0701020202164012202501
0701020210135007202501
0701020210135008202501
0701020210164001202501
0701020210164012202501
0701020229135007202501
0701020229135008202501
0701020229164001202501
0701020229164012202501
0701020237135007202501
0701020237135008202501
0701020237164001202501
0701020237164012202501
0701020245135007202501
0701020245135008202501
0701020245164001202501
0701020245164012202501
0701020253135007202501
0701020253135008202501
0701020253164001202501
0701020253164012202501
0701020261135007202501
0701020261135008202501
0701020261164001202501
0701020270135007202501
0701020270135008202501
0701020270164001202501
0701020288135007202501
0701020288135008202501
0701020288164001202501
0701020288164012202501
0701020296135007202501
0701020296135008202501
0701020296164001202501
0701020300135007202501
0701020300135008202501
0701020300164001202501
0701020300164012202501
0701020318135007202501
0701020318135008202501
0701020318164001202501
0701020318164012202501
0701020326135007202501
0701020326135008202501
0701020326164001202501
0701020334135007202501
0701020334135008202501
0701020334164001202501
0701020342135007202501
0701020342135008202501
0701020342164001202501
0701020342164012202501
0701020350135007202501
0701020350135008202501
0701020350164001202501
0701020350164012202501
0701020369135007202501
0701020369135008202501
0701020369164001202501
0701020369164012202501
0701020377135007202501
0701020377135008202501
0701020377164001202501
0701020377164012202501
0701020385135007202501
0701020385135008202501
0701020385164001202501
0701020385164012202501
0701020393135007202501
0701020393135008202501
0701020393164001202501
0701020393164012202501
0701020407135007202501
0701020407135008202501
0701020407164001202501
0701020407164012202501
0701020415135007202501
0701020415135008202501
0701020415164001202501
0701020415164012202501
0701020423135007202501
0701020423135008202501
0701020423164001202501
0701020423164012202501
0701020431135007202501
0701020431135008202501
0701020431164001202501
0701020431164012202501
0701020440135007202501
0701020440135008202501
0701020440164001202501
0701020440164012202501
0701020458135007202501
0701020458135008202501
0701020458164001202501
0701020458164012202501
0701020466135007202501
0701020466135008202501
0701020466164001202501
0701020466164012202501
0701020474135007202501
0701020474135008202501
0701020474164001202501
0701020474164012202501
0701020482135007202501
0701020482135008202501
0701020482164001202501
0701020482164012202501
0701020490135007202501
0701020490135008202501
0701020490164001202501
0701020490164012202501
0701020504135007202501
0701020504135008202501
0701020504164001202501
0701020504164012202501
0701020512135007202501
0701020512135008202501
0701020512164001202501
0701020520135007202501
0701020520135008202501
0701020520164001202501
0701020520164012202501
0701020539135007202501
0701020539135008202501
0701020539164001202501
0701020539164012202501
0701020547135007202501
0701020547135008202501
0701020547164001202501
0701020547164012202501
0701020555135007202501
0701020555135008202501
0701020555164001202501
0701020555164012202501
0701020563135007202501
0701020563135008202501
0701020563164001202501
0701020563164012202501
0701020571135007202501
0701020571135008202501
0701020571164001202501
0701020571164002202501
0701020580135007202501
0701020580135008202501
0701020580164001202501
0701020580164002202501
0701020598135007202501
0701020598135008202501
0701020598164001202501
0701020601135007202501
0701020601135008202501
0701020601164001202501
0701020610135007202501
0701020610135008202501
0701020610164001202501
0701020628135007202501
0701020628135008202501
0701020628164001202501
0701020628164012202501
0701020636135007202501
0701020636135008202501
0701020636164001202501
0701020636164012202501
0701020644135007202501
0701020644135008202501
0701020644164001202501
0701020644164012202501
0701020652135007202501
0701020652135008202501
0701020652164001202501
0701030011164005202501
0701030020164005202501
0701030038164005202501
0701030046164005202501
0701030054164005202501
0701030062164005202501
0701030070164005202501
0701030089164005202501
0701030097164005202501
0701030100164005202501
0701030119164005202501
0701030127164005202501
0701030135164005202501
0701030143164005202501
0701030151164005202501
0701030160164005202501
0701030178164005202501
0701030186164005202501
0701030194164005202501
0701030208164005202501
0701030216164005202501
0701030224164005202501
0701030232164005202501
0701030240164005202501
0701030259164005202501
0701030267164005202501
0701030275164005202501
0701030283164005202501
0701030291164005202501
0701030305164006202501
0701030321164005202501
0701030321164006202501
0701030348107008202501
0701030356132005202501
0701040017164007202501
0701040025164007202501
0701040033164007202501
0701040041164007202501
0701040050164007202501
0701040068164007202501
0701040092164007202501
0701040106164007202501
0701040114164007202501
0701040122164007202501
0701040130164007202501
0701040149164008202501
0701040157164008202501
0701050012135012202501
0701050012135013202501
0701050012164010202501
0701050020135012202501
0701050020135013202501
0701050020164010202501
0701050047135012202501
0701050047135013202501
0701050047164010202501
0701060018135012202501
0701060018135013202501
0701060018164011202501
0701060026135012202501
0701060026135013202501
0701060026164011202501
0701060034135012202501
0701060034135013202501
0701060034164011202501
0701060042135012202501
0701060042135013202501
0701070013123007202501
0701070021123007202501
0701070030123007202501
0701070048123007202501
0701070056123007202501
0701070064123007202501
0701070072123007202501
0701070080123007202501
0701070099157001202501
0701070102157001202501
0701070110123007202501
0701070129157001202501
0701070137157001202501
0701070145157001202501
0701070161123007202501
0701070161123008202501
0701070170123007202501
0701070170123008202501
0701080027123008202501
0701080043123008202501
0701080051123008202501
0701080060123008202501
0701080078123008202501
0701080086123008202501
0701080094123008202501
0701080132123008202501
0701080140123008202501
0701080159123008202501
0701080167123008202501
0701080175123008202501
0701080183123008202501
0701080191123008202501
0701090014164009202501
0701090022164009202501
0701090030164009202501
0701090049164009202501
0701090057164009202501
0701090065164009202501
0701090073164009202501
0701090081164009202501
0701090090164009202501
0701090103107008202501
0701090111107008202501
0701090120107008202501
0701090138107008202501
0701090146107008202501
0701090154107008202501
0701090162107008202501
0701090170107008202501
0701090189107008202501
0701090197107008202501
0701090200107008202501
0701090219107008202501
0701090227107008202501
0701090235107008202501
0701100010123010202501
0701100028123010202501
0701100036123010202501
0701100044123010202501
0701100052123010202501
0701100060123010202501
0701100079123010202501
0701100087123010202501
0701100095123010202501
0701100109123010202501
0702070041131002202501
0702070050131002202501
0702090050107008202501
0702090069107008202501
0702090085107008202501
0702090093107008202501
0702100013130001202501
0702100021130001202501
0702100030130001202501
0702100048130001202501
0702100056130005202501
0702100064130005202501
0702100072130005202501
0702100080130001202501
0702100080130005202501
0702100099130001202501
0702100102130001202501
0804010013160001202501
0804010021160001202501
0804010030160002202501
0804010048160002202501
0804010056160009202501
0804010064160009202501
0804020019160010202501
0804020027160004202501
0804020035160007202501
0804020043160008202501
0804020051160006202501
0804030014160007202501
