020101003801202501
020101012701202501
020101012709202501
020101013501202501
020101013509202501
020101014301202501
020101014307202501
020101014309202501
020101016001202501
020101016009202501
020101020801202501
020101020809202501
020101024001202501
020101024007202501
020101024009202501
020101025901202501
020101026701202501
020101026707202501
020101026709202501
020101027503202501
020101027507202501
020101027509202501
020101030501202501
020101030507202501
020101030509202501
020101031301202501
020101031307202501
020101031309202501
020101032101202501
020101032107202501
020101032109202501
020101033001202501
020101033007202501
020101033009202501
020101040201202501
020101040207202501
020101040209202501
020101053401202501
020101053409202501
020101055001202501
020101055009202501
020904003301202501
020904003307202501
020904003309202501
020904005001202501
020904005007202501
020904005009202501
021105009101202501
021105010503202501
021105010507202501
021105010509202501
021105014801202501
030106001003202501
030106001007202501
030106007001202501
030106007003202501
030106007007202501
030106007009202501
030106008803202501
030109001703202501
030109001709202501
030109001713202501
030109002503202501
030109002509202501
030109002513202501
030116002303202501
030116002307202501
030301001003202501
030301001007202501
030301002903202501
030301002907202501
030301003703202501
030301003707202501
030301004503202501
030301004507202501
030301005303202501
030301005307202501
030301006103202501
030301006107202501
030301007003202501
030301007007202501
030301008803202501
030301008807202501
030301009603202501
030301009607202501
030301010003202501
030301010007202501
030301011803202501
030301011807202501
030301012603202501
030301012607202501
030301013403202501
030301013407202501
030301014203202501
030301014207202501
030301015003202501
030301015007202501
030301016903202501
030301016907202501
030301017703202501
030301017707202501
030301018503202501
030301018507202501
030301019303202501
030301019307202501
030301020703202501
030301020707202501
030301021503202501
030301021506202501
030301021507202501
030302003203202501
030302003207202501
030302004003202501
030302004007202501
030302005903202501
030302005907202501
030302006703202501
030302006707202501
030302007503202501
030302007507202501
030302008303202501
030302008307202501
030303001107202501
030303001111202501
030303002003202501
030303002007202501
030303003803202501
030303003807202501
030303004603202501
030303004607202501
030303005403202501
030303005407202501
030303006203202501
030303006207202501
030304001703202501
030304001707202501
030304002503202501
030304002507202501
030304003303202501
030304003307202501
030304004103202501
030304004107202501
030304005003202501
030304005007202501
030304006803202501
030304006807202501
030304007603202501
030304007607202501
030304008401202501
030304008403202501
030304008407202501
030304009201202501
030304009203202501
030304009207202501
030304010603202501
030304010607202501
030304011401202501
030304011403202501
030304011407202501
030304012201202501
030304012203202501
030304012207202501
030304013003202501
030304013007202501
030304014903202501
030304014907202501
030304015703202501
030304015707202501
030304016503202501
030304016507202501
030304017303202501
030304017307202501
030304018103202501
030304019003202501
030304019007202501
030304020303202501
030304020307202501
030304021103202501
030304021107202501
030304022003202501
030304022007202501
030304023803202501
030304023807202501
030304024603202501
030304024607202501
030304025403202501
030304025407202501
030304026203202501
030304026207202501
030304027003202501
030304027007202501
030304028903202501
030304029703202501
030304029707202501
030304030003202501
030305013603202501
030305013607202501
030305014403202501
030305014407202501
030306001803202501
030306001807202501
030306002603202501
030306002607202501
030306003403202501
030306003407202501
030306004203202501
030306004207202501
030306005003202501
030306005007202501
030306006903202501
030306006907202501
030306007703202501
030306007707202501
030306008503202501
030306008507202501
030306009303202501
030306009307202501
030306010703202501
030306010707202501
030306011503202501
030306011507202501
030306012303202501
030306012307202501
030306013103202501
030306013107202501
030306014003202501
030306014007202501
030306015803202501
030306015807202501
030306016603202501
030306016607202501
030306017403202501
030306017407202501
030306018203202501
030306018207202501
030306019003202501
030306019007202501
030306020403202501
030306020407202501
030306021203202501
030306021207202501
030306022001202501
030306022003202501
030306022007202501
030306023903202501
030306023907202501
030306024703202501
030306024707202501
030306025503202501
030306025507202501
030306026303202501
030306026307202501
030306027103202501
030306027107202501
030306028003202501
030306028007202501
030306029803202501
030306029807202501
030306030103202501
030306030107202501
030307006403202501
030307006407202501
030307007203202501
030307007207202501
030307008003202501
030307008007202501
030307009903202501
030307009907202501
030307010203202501
030307010207202501
030307011003202501
030307011007202501
030307012903202501
030307012907202501
030307013701202501
030308004303202501
030308004307202501
030308005103202501
030308005107202501
030308006003202501
030308006007202501
030308007803202501
030308007807202501
030308008603202501
030308008607202501
030308009403202501
030308009407202501
030309013803202501
030309013807202501
030309013809202501
030309019703202501
030309019707202501
030309019709202501
030309023503202501
030309023507202501
030309023509202501
030309031603202501
030309031607202501
030310001002202501
030310001003202501
030310001007202501
030310002802202501
030310002803202501
030310002807202501
030310003602202501
030310003603202501
030310003607202501
030310004402202501
030310004403202501
030310004407202501
030310005202202501
030310005203202501
030310005207202501
030311001503202501
030311001507202501
030311002303202501
030311002307202501
030311003103202501
030311003107202501
030311004003202501
030311004007202501
030311005803202501
030311005807202501
030311006603202501
030311006607202501
030311007403202501
030311007407202501
030311008203202501
030311008207202501
030311009003202501
030311009007202501
030311010403202501
030311010407202501
030311011203202501
030311011207202501
030313001604202501
030313002404202501
030313003204202501
030313004004202501
030313005904202501
030313006704202501
030313007504202501
030313008304202501
030314002003202501
030314002007202501
030314003803202501
030314003807202501
030314004603202501
030314004607202501
030314005403202501
030314005407202501
030314006203202501
030314006207202501
030314007003202501
030314007007202501
030314008903202501
030314008907202501
030314009703202501
030314009707202501
030314010003202501
030314010007202501
030314011903202501
030314011907202501
030314012703202501
030314012707202501
030314013503202501
030314013507202501
030314014303202501
030314014307202501
030314015103202501
030314015107202501
030315001703202501
030315001707202501
030315002503202501
030315002507202501
030315003303202501
030315003307202501
030315004103202501
030315004107202501
030315005003202501
030315005007202501
030315006803202501
030315006807202501
030316001207202501
030316002007202501
030316003907202501
030316004707202501
030316005507202501
030316006307202501
030316007107202501
030317009305202501
030317009307202501
030317010707202501
030317010714202501
030317013102202501
030317013103202501
030317013105202501
030317013107202501
030317013187202501
030317014002202501
030317014003202501
030317014005202501
030317014007202501
030317014087202501
030317015802202501
030317015803202501
030317015805202501
030317015807202501
030317015887202501
030317016602202501
030317016603202501
030317016605202501
030317016607202501
030317016687202501
030317017402202501
030317017403202501
030317017405202501
030317017407202501
030317017487202501
030317018202202501
030317018203202501
030317018205202501
030317018207202501
030317018287202501
030317019005202501
030317019007202501
030317020405202501
030317020407202501
030318001303202501
030318001307202501
030318003003202501
030318003007202501
030318004803202501
030318004807202501
030318005603202501
030318005607202501
030318006403202501
030318006407202501
030318007207202501
030318007210202501
030319001903202501
030319001907202501
030319001908202501
030401011103202501
030401011107202501
030401035903202501
030401035907202501
030401049903202501
030401049907202501
030401059603202501
030401059607202501
030408002003202501
030408002007202501
030408003903202501
030408003907202501
030408003909202501
030408004703202501
030408006303202501
030409001803202501
030409001807202501
030409002603202501
030409002607202501
030409003403202501
030409003407202501
030409004203202501
030409004207202501
030410001303202501
030410001307202501
030410001309202501
030410002103202501
030410002107202501
030501017403202501
030501017407202501
030502001303202501
030502001307202501
030502002103202501
030502002107202501
030502003003202501
030502003007202501
030502004803202501
030502004807202501
030502005603202501
030502005607202501
030701005801202501
030701005803202501
030701005807202501
030701005809202501
030702003701202501
030702003703202501
030702003707202501
030702003709202501
030702004501202501
030702004503202501
030702004507202501
030702004509202501
030702005301202501
030702005303202501
030702005307202501
030702005309202501
030702006101202501
030702006103202501
030702006107202501
030702006109202501
030702008801202501
030702008803202501
030702008807202501
030702008809202501
030702009601202501
030702009603202501
030702009607202501
030702009609202501
030702010001202501
030702010003202501
030702010007202501
030702010009202501
030702011801202501
030702011803202501
030702011807202501
030702011809202501
030703003201202501
030703003203202501
030703003207202501
030703003209202501
030704001101202501
030704001103202501
030704001107202501
030704001109202501
030704006201202501
030704006203202501
030704006207202501
030704006209202501
030704008901202501
030704008903202501
030704008907202501
030704008909202501
030801001901202501
030801001903202501
030801001907202501
030801002703202501
030801002707202501
030801003501202501
030801003503202501
030801003507202501
030801004301202501
030801004303202501
030801004307202501
030802002203202501
030802002207202501
030802003003202501
030802003007202501
030803001003202501
030803001007202501
030803002803202501
030803002807202501
030803003601202501
030803003603202501
030803003607202501
030803003683202501
030804001501202501
030804001503202501
030804001507202501
030804002303202501
030804002307202501
030901003901202501
030901003903202501
030901003907202501
031001003901202501
031001003902202501
031001003903202501
031001004701202501
031001004702202501
031001004703202501
031001005502202501
040102001001202501
040102001007202501
040102001009202501
040102002901202501
040102002907202501
040102002909202501
040102003701202501
040102003707202501
040102003709202501
040102004501202501
040102004507202501
040102004509202501
040102005301202501
040102005307202501
040102005309202501
040102006101202501
040102006107202501
040102006109202501
040102007001202501
040102007007202501
040102007009202501
040102008801202501
040102008807202501
040102008809202501
040102009601202501
040102009607202501
040102009609202501
040102010001202501
040102010007202501
040102010009202501
040102011801202501
040102011807202501
040102011809202501
040102012601202501
040102012607202501
040102012609202501
040102013401202501
040102013409202501
040102014201202501
040102014207202501
040102014209202501
040102015001202501
040102015007202501
040102015009202501
040102016901202501
040102016907202501
040102016909202501
040201001901202501
040201001907202501
040201002701202501
040201002707202501
040201003501202501
040201003507202501
040201003509202501
040201004301202501
040201004307202501
040201004309202501
040201005101202501
040201005107202501
040202001401202501
040202001407202501
040202002201202501
040202002207202501
040301001201202501
040301001207202501
040301002001202501
040301002007202501
040301003901202501
040301003907202501
040301004701202501
040301004707202501
040301005501202501
040301005507202501
040301006301202501
040301006307202501
040301007101202501
040301007107202501
040301008001202501
040301008007202501
040301008009202501
040301009801202501
040301009807202501
040301010101202501
040301010107202501
040301011001202501
040301011007202501
040301012801202501
040301012807202501
040301013601202501
040301013607202501
040301014401202501
040301014407202501
040301015201202501
040301015207202501
040301016001202501
040301016007202501
040301017901202501
040301017907202501
040301018701202501
040301018707202501
040301019501202501
040301019507202501
040301020901202501
040301020907202501
040301021701202501
040301021707202501
040301022501202501
040301022507202501
040301023301202501
040301023307202501
040301024101202501
040301024107202501
040301025001202501
040301025007202501
040301026801202501
040301026807202501
040301027601202501
040301027607202501
040301028401202501
040301028407202501
040301029201202501
040301029207202501
040301030601202501
040301030607202501
040301031401202501
040301031407202501
040301032201202501
040301032207202501
040301033001202501
040301033007202501
040301034901202501
040301034907202501
040301035701202501
040301035707202501
040301036501202501
040301036507202501
040301039001202501
040301039003202501
040301039007202501
040302001801202501
040302001807202501
040302002601202501
040302002607202501
040302003401202501
040302003407202501
040302004201202501
040302004207202501
040302005001202501
040302005007202501
040302006901202501
040302006907202501
040302007701202501
040302007707202501
040302007709202501
040302008501202501
040302008507202501
040302008509202501
040302009301202501
040302009307202501
040302009309202501
040302010701202501
040302010707202501
040302011501202501
040302011507202501
040302012301202501
040302012307202501
040302012309202501
040302013101202501
040302013107202501
040303001301202501
040303001307202501
040303002101202501
040303002107202501
040303003001202501
040303003007202501
040303004801202501
040303004807202501
040303005601202501
040303005607202501
040303006401202501
040303006407202501
040303008001202501
040303008007202501
040303009901202501
040303009907202501
040303010201202501
040303010207202501
040303011001202501
040303011007202501
040303012901202501
040303012907202501
040303013701202501
040303013707202501
040303014501202501
040303014507202501
040303015301202501
040303015307202501
040303016101202501
040303016107202501
040304001901202501
040304001907202501
040304002701202501
040304002707202501
040304005101202501
040304005107202501
040304006001202501
040304006007202501
040304007801202501
040304007807202501
040304008601202501
040304008607202501
040304009401202501
040304009407202501
040304010801202501
040304010807202501
040304011601202501
040304011607202501
040304012401202501
040304012407202501
040305003001202501
040305003003202501
040305003007202501
040305004901202501
040305004907202501
040305005701202501
040305006501202501
040305006507202501
040305007301202501
040305007307202501
040305009001202501
040305009007202501
040305009009202501
040305010301202501
040305010307202501
040305010309202501
040305011101202501
040305011107202501
040305012001202501
040305012007202501
040305013801202501
040305013807202501
040305014601202501
040305014607202501
040305015401202501
040305015407202501
040305016201202501
040306001001202501
040306001007202501
040306002801202501
040306002807202501
040306003601202501
040306003607202501
040306004401202501
040306004407202501
040306005201202501
040306005207202501
040306006001202501
040306006007202501
040306007901202501
040306007907202501
040306008701202501
040306008707202501
040306009501202501
040306009507202501
040307001501202501
040307004001202501
040307004007202501
040307005801202501
040307005807202501
040307008201202501
040307009001202501
040307010401202501
040307011201202501
040307012001202501
040307013901202501
040307013907202501
040307014701202501
040307014707202501
040307015501202501
040307015507202501
040307016301202501
040307016307202501
040307017101202501
040308001001202501
040308002901202501
040308003701202501
040308004501202501
040308005301202501
040308005307202501
040308006101202501
040308007001202501
040308007007202501
040308008801202501
040308008807202501
040308009601202501
040308009607202501
040308010001202501
040401001601202501
040401001605202501
040401001609202501
040401002401202501
040401002407202501
040401002409202501
040401003201202501
040401003207202501
040401003209202501
040401004001202501
040401004007202501
040401004009202501
040401005901202501
040401005907202501
040401005909202501
040401006701202501
040401006707202501
040401006709202501
040401008301202501
040401008307202501
040401008309202501
040401010501202501
040401010507202501
040401010509202501
040401011301202501
040401011307202501
040401011309202501
040401012101202501
040401012107202501
040401012109202501
040401013001202501
040401013007202501
040401013009202501
040401014801202501
040401014807202501
040401014809202501
040401016401202501
040401016407202501
040401016409202501
040401017201202501
040401017207202501
040401018001202501
040401018007202501
040401019901202501
040401019907202501
040401020201202501
040401020207202501
040401021001202501
040401021007202501
040401021009202501
040401022901202501
040401022907202501
040401022909202501
040401023701202501
040401023707202501
040401023709202501
040401028801202501
040401028807202501
040401028809202501
040401031801202501
040401031807202501
040401031809202501
040401032601202501
040401032607202501
040401032609202501
040401033401202501
040401033407202501
040401033409202501
040401035001202501
040401035007202501
040401035009202501
040401037701202501
040401037707202501
040401037709202501
040401038501202501
040401038507202501
040401038509202501
040401040701202501
040401040707202501
040401040709202501
040401041501202501
040401041507202501
040401041509202501
040401043101202501
040401043107202501
040401045801202501
040401045807202501
040401046601202501
040401046607202501
040401046609202501
040401047401202501
040401047407202501
040401047409202501
040401048201202501
040401048207202501
040401048209202501
040401049001202501
040401049007202501
040401049009202501
040401050401202501
040401050407202501
040401050409202501
040401051201202501
040401051207202501
040401051209202501
040401052001202501
040401052007202501
040401052009202501
040401053901202501
040401053907202501
040401053909202501
040401054701202501
040401054707202501
040401055501202501
040401055507202501
040401055509202501
040401056301202501
040401056309202501
040401057101202501
040401057107202501
040401058001202501
040401058007202501
040401059801202501
040401059807202501
040401060101202501
040401060107202501
040401061001202501
040401061007202501
040401062801202501
040401062807202501
040401063601202501
040401063607202501
040401064401202501
040401064407202501
040401065201202501
040401065207202501
040402001101202501
040402001107202501
040402001109202501
040402003801202501
040402003807202501
040402003809202501
040402004601202501
040402004607202501
040402004609202501
040402006201202501
040402006207202501
040402007001202501
040402007007202501
040402007009202501
040402008901202501
040402008907202501
040402008909202501
040402010001202501
040402010003202501
040402010007202501
040402010009202501
040402011901202501
040402011907202501
040402011909202501
040402013501202501
040402013507202501
040402014301202501
040402014307202501
040402014309202501
040402017801202501
040402017807202501
040402020801202501
040402020807202501
040402020809202501
040402022401202501
040402022407202501
040402023201202501
040402023207202501
040402023209202501
040402024001202501
040402024007202501
040402024009202501
040402027501202501
040402027507202501
040402029101202501
040402029107202501
040402031301202501
040402031307202501
040402031309202501
040402032101202501
040402032107202501
040402032109202501
040402034801202501
040402034807202501
040402034809202501
040402035601202501
040402035607202501
040402035609202501
040402038001202501
040402038007202501
040402039901202501
040402039907202501
040402039909202501
040402042901202501
040402042907202501
040402042909202501
040402045301202501
040402045307202501
040402045309202501
040402046101202501
040402046107202501
040402046109202501
040402047001202501
040402047007202501
040402047009202501
040402048801202501
040402048807202501
040402048809202501
040402049601202501
040402049607202501
040402050001202501
040402050007202501
040402051801202501
040402051807202501
040402051809202501
040402052601202501
040402052607202501
040402053401202501
040402053407202501
040402054201202501
040402054207202501
040402054209202501
040402055001202501
040402055007202501
040402056901202501
040402056907202501
040402056909202501
040402057701202501
040402057707202501
040402057709202501
040402058501202501
040402058507202501
040402059301202501
040402059307202501
040402060701202501
040402060707202501
040402064001202501
040402064007202501
040402064009202501
040402065801202501
040402065807202501
040402065809202501
040402066601202501
040402066607202501
040402066609202501
040402069001202501
040402069007202501
040402070401202501
040402070407202501
040402071201202501
040402071207202501
040402071209202501
040402072001202501
040402072007202501
040402073901202501
040402073907202501
040402077101202501
040402077107202501
040402077109202501
040402078001202501
040402078007202501
040402079801202501
040402079807202501
040402079809202501
040403001701202501
040403001707202501
040403001709202501
040403003301202501
040403003307202501
040403004101202501
040403004107202501
040403004109202501
040403005001202501
040403005007202501
040403005009202501
040403006801202501
040403006807202501
040403006809202501
040403007601202501
040403007607202501
040403007609202501
040403008401202501
040403008407202501
040403008409202501
040403010601202501
040403010607202501
040403010609202501
040403012201202501
040403012207202501
040403012209202501
040403013001202501
040403013007202501
040403013009202501
040403015701202501
040403015707202501
040403015709202501
040403016501202501
040403016507202501
040403016509202501
040403017301202501
040403017307202501
040403017309202501
040403019001202501
040403019007202501
040403019009202501
040403022001202501
040403022007202501
040403022009202501
040403024601202501
040403024607202501
040403024609202501
040403025401202501
040403025407202501
040403025409202501
040403026201202501
040403026207202501
040403026209202501
040403027001202501
040403027007202501
040403027009202501
040403028901202501
040403028907202501
040403029701202501
040403029707202501
040403030001202501
040403030007202501
040403031901202501
040403031907202501
040403031909202501
040403032701202501
040403032707202501
040501001001202501
040501001007202501
040501001009202501
040501002801202501
040501002807202501
040501002809202501
040501003601202501
040501003607202501
040501003609202501
040501007901202501
040501007907202501
040501007909202501
040501008701202501
040501008707202501
040501008709202501
040501011701202501
040501011707202501
040501011709202501
040501012501202501
040501012507202501
040501012509202501
040501013301202501
040501013307202501
040501013309202501
040501015001202501
040501015007202501
040501015009202501
040501017601202501
040501017607202501
040501017609202501
040502001501202501
040502001507202501
040502001509202501
040502002301202501
040502002307202501
040502002309202501
040503001001202501
040503001007202501
040503001009202501
040503002901202501
040503002907202501
040503002909202501
040503007001202501
040503007007202501
040503007009202501
040503009601202501
040503009607202501
040503009609202501
040503011801202501
040503011807202501
040503011809202501
040503013401202501
040503013407202501
040503013409202501
040503014201202501
040503014207202501
040503014209202501
040503016901202501
040503016907202501
040503016909202501
040503017701202501
040503017707202501
040503017709202501
040503018501202501
040503018507202501
040503019301202501
040503019307202501
040503020701202501
040503020707202501
040503020709202501
040504001601202501
040504001607202501
040504001609202501
040504002401202501
040504002407202501
040504002409202501
040504004001202501
040504004007202501
040504004009202501
040504005901202501
040504005907202501
040504005909202501
040504006701202501
040504006707202501
040504006709202501
040504007501202501
040504007507202501
040504007509202501
040504008301202501
040504008307202501
040504008309202501
040504009101202501
040504009107202501
040504009109202501
040504010501202501
040504010507202501
040504010509202501
040504014801202501
040504014807202501
040504014809202501
040504015601202501
040504015607202501
040504015609202501
040504016401202501
040504016407202501
040504016409202501
040504018001202501
040504018007202501
040504020201202501
040504020207202501
040504020209202501
040504021001202501
040504021007202501
040504021009202501
040505001101202501
040505001107202501
040505001109202501
040505004601202501
040505004607202501
040505004609202501
040505005401202501
040505005407202501
040505005409202501
040505009701202501
040505009707202501
040505009709202501
040505010001202501
040505010007202501
040505010009202501
040505011901202501
040505011907202501
040505011909202501
040505013501202501
040505013507202501
040505013509202501
040505014301202501
040505014307202501
040505014309202501
040505015101202501
040505015107202501
040505015109202501
040505018601202501
040505018607202501
040505018609202501
040505021601202501
040505021607202501
040505021609202501
040505022401202501
040505022407202501
040505022409202501
040505023201202501
040505023207202501
040505023209202501
040505031301202501
040505031307202501
040505031309202501
040505032101202501
040505032107202501
040505032109202501
040505035601202501
040505035607202501
040505035609202501
040505037201202501
040505037207202501
040505037209202501
040505038001202501
040505038007202501
040505038009202501
040505039901202501
040505039907202501
040505039909202501
040505040201202501
040505040209202501
040601001301202501
040601001307202501
040601002101202501
040601003001202501
040601004801202501
040601005601202501
040601006401202501
040601007201202501
040601007207202501
040601008001202501
040601009901202501
040601010201202501
040601010207202501
040601011001202501
040601011007202501
040601013701202501
040601013707202501
040601015301202501
040601015307202501
040601016101202501
040601017001202501
040601017007202501
040601018801202501
040601019601202501
040601019607202501
040601020001202501
040601020007202501
040601021801202501
040601021807202501
040601022601202501
040601022607202501
040601023401202501
040601024201202501
040601025001202501
040601025007202501
040601026901202501
040601026907202501
040601027701202501
040601027707202501
040601028501202501
040601028507202501
040601029301202501
040601030701202501
040601031501202501
040601032301202501
040601033101202501
040601033107202501
040601034001202501
040601035801202501
040601036601202501
040601036607202501
040601037401202501
040601037407202501
040601038201202501
040601039001202501
040601039007202501
040601040401202501
040601041201202501
040601041207202501
040601042001202501
040601042007202501
040601043901202501
040601044701202501
040601044707202501
040601045501202501
040601046301202501
040601046307202501
040601047101202501
040601047107202501
040601048001202501
040601049801202501
040601049807202501
040601050101202501
040601051001202501
040601051007202501
040601052801202501
040601052807202501
040601053601202501
040601054401202501
040601055201202501
040601056001202501
040601056007202501
040601056009202501
040601057901202501
040601058701202501
040601058709202501
040601059501202501
040601060901202501
040601061701202501
040601062501202501
040601063301202501
040601063309202501
040601064101202501
040601064107202501
040601064109202501
040601065001202501
040601065009202501
040601066801202501
040601066807202501
040601066809202501
040601067601202501
040601067607202501
040601067609202501
040601068401202501
040601068407202501
040601068409202501
040601069201202501
040601069207202501
040601070601202501
040601071401202501
040601071407202501
040601071409202501
040601073001202501
040601075701202501
040601075707202501
040601076501202501
040601076507202501
040601077301202501
040601077307202501
040601078101202501
040601078107202501
040601079001202501
040601079009202501
040601080301202501
040601080307202501
040601081101202501
040601082001202501
040601082007202501
040601083801202501
040601084601202501
040601085401202501
040601085409202501
040601086201202501
040601086209202501
040601087001202501
040601087009202501
040601088901202501
040601089701202501
040601090001202501
040601090007202501
040601091901202501
040601091907202501
040601091909202501
040601092701202501
040601093501202501
040601094301202501
040601095101202501
040601096001202501
040601096003202501
040601096007202501
040601097801202501
040601097803202501
040601097807202501
040601098601202501
040601099401202501
040601100101202501
040601100109202501
040601101001202501
040601101009202501
040601102801202501
040601102809202501
040601103601202501
040601103609202501
040601104401202501
040601104407202501
040601104409202501
040601105201202501
040601105209202501
040601107901202501
040601108701202501
040601108709202501
040601109501202501
040601109509202501
040601110901202501
040601110909202501
040601111701202501
040601111709202501
040601112501202501
040601112509202501
040601113301202501
040601113307202501
040601113309202501
040601114101202501
040601114109202501
040601115001202501
040601115007202501
040601115009202501
040601116801202501
040601116809202501
040601117601202501
040601117609202501
040601118401202501
040601118409202501
040601119201202501
040601119209202501
040601120601202501
040601121401202501
040601121407202501
040601122201202501
040601122207202501
040601123001202501
040601124901202501
040601125701202501
040601126501202501
040601126507202501
040601127301202501
040601127307202501
040601128101202501
040601128107202501
040601129001202501
040601129007202501
040601130301202501
040601130307202501
040601131101202501
040601131107202501
040601132001202501
040601132007202501
040601133801202501
040601133807202501
040601134601202501
040601134607202501
040601135401202501
040601135407202501
040601136201202501
040601136207202501
040601137001202501
040601137007202501
040601138901202501
040601138907202501
040601139701202501
040601139707202501
040601140001202501
040601140007202501
040601141901202501
040601141907202501
040601142701202501
040601142707202501
040601143501202501
040601143507202501
040601144301202501
040601144307202501
040601145101202501
040601145107202501
040601146001202501
040601146007202501
040601147801202501
040601147807202501
040601148601202501
040601148607202501
040601149401202501
040601149407202501
040601150801202501
040601150807202501
040601151601202501
040601151607202501
040602001901202501
040602001907202501
040602002701202501
040602002707202501
040602003501202501
040602003507202501
040602004301202501
040602004307202501
040602005101202501
040602005107202501
040602007801202501
040602007807202501
040602007809202501
040602010801202501
040602011601202501
040602011607202501
040602011609202501
040602012401202501
040602012407202501
040602015901202501
040602015907202501
040602015909202501
040602016701202501
040602016707202501
040602016709202501
040602019101202501
040602019107202501
040602021301202501
040602022101202501
040602023001202501
040602024801202501
040602024807202501
040602025601202501
040602025607202501
040602026401202501
040602026407202501
040602027201202501
040602027207202501
040602028001202501
040602028007202501
040602030201202501
040602030207202501
040602031001202501
040602031007202501
040602032901202501
040602032907202501
040602033701202501
040602033707202501
040602034501202501
040602034507202501
040602035301202501
040602035307202501
040602036101202501
040602036107202501
040602037001202501
040602037007202501
040602038801202501
040602038807202501
040602039601202501
040602039607202501
040602040001202501
040602040007202501
040602041801202501
040602041807202501
040602042601202501
040602042607202501
040602043401202501
040602043407202501
040602044201202501
040602044207202501
040602045001202501
040602046901202501
040602046907202501
040602047701202501
040602047707202501
040602048501202501
040602048507202501
040602049301202501
040602049307202501
040602050701202501
040602050707202501
040602051501202501
040602051507202501
040602052301202501
040602053101202501
040602053107202501
040602054001202501
040602054007202501
040602055801202501
040602055807202501
040602056601202501
040602056607202501
040602056609202501
040602057401202501
040602057407202501
040602057409202501
040602058201202501
040602058207202501
040602059001202501
040602059007202501
040602060401202501
040602060407202501
040602060409202501
040602062001202501
040602062003202501
040602062007202501
040602062009202501
040603001401202501
040603002201202501
040603003001202501
040603004901202501
040603005701202501
040603005707202501
040603006501202501
040603007301202501
040603008101202501
040603008107202501
040603009001202501
040603009007202501
040603010301202501
040603010307202501
040603011101202501
040603011107202501
040603012001202501
040603012007202501
040603013801202501
040603013807202501
040603014601202501
040603014607202501
040603015401202501
040603015407202501
040603016201202501
040604001001202501
040604001007202501
040604002801202501
040604002807202501
040604004401202501
040604004407202501
040604005201202501
040604005207202501
040604006001202501
040604006007202501
040604007901202501
040604007907202501
040604008701202501
040604009501202501
040604010901202501
040604010907202501
040604011701202501
040604011707202501
040604012501202501
040604012507202501
040604013301202501
040604014101202501
040604014107202501
040604015001202501
040604016801202501
040604017601202501
040604018401202501
040604019201202501
040604019207202501
040604020601202501
040604020607202501
040604020609202501
040604021401202501
040604021407202501
040604022201202501
040604022207202501
040604023001202501
040604023007202501
040604024901202501
040604024907202501
040604025701202501
040604025707202501
040604025709202501
040604026501202501
040604026507202501
040604027301202501
040604027307202501
040604027309202501
040604028101202501
040604029001202501
040604029007202501
040604029009202501
040604030301202501
040604030307202501
040604030309202501
040604031101202501
040604031107202501
040604031109202501
040604032001202501
040604032007202501
040604033801202501
040604033807202501
040605001501202501
040605001507202501
040605001509202501
040605002301202501
040605002307202501
040605002309202501
040605003101202501
040605003107202501
040605003109202501
040605004001202501
040605004007202501
040605004009202501
040605005801202501
040605005807202501
040605005809202501
040605006601202501
040605006607202501
040605006609202501
040605007401202501
040605007407202501
040605007409202501
040605008201202501
040605008207202501
040605008209202501
040605009001202501
040605009007202501
040605010401202501
040605010407202501
040605011201202501
040605012001202501
040605012007202501
040605012009202501
040605013901202501
040605013907202501
040605013909202501
040701001701202501
040701001707202501
040701003301202501
040701003307202501
040701004101202501
040701005001202501
040701005007202501
040701006801202501
040701006807202501
040701007601202501
040701008401202501
040701008407202501
040701009201202501
040701009207202501
040701010601202501
040701010607202501
040701011401202501
040701011407202501
040701012201202501
040701013001202501
040701014901202501
040701015701202501
040701015707202501
040701016501202501
040701016507202501
040701017301202501
040701018101202501
040701019001202501
040701019007202501
040701020301202501
040701020307202501
040701021101202501
040701021107202501
040701021109202501
040701022001202501
040701022007202501
040701022009202501
040701023801202501
040701023807202501
040701027001202501
040701027007202501
040701028901202501
040701029701202501
040701029707202501
040701030001202501
040701033501202501
040701033507202501
040701034301202501
040701034307202501
040701035101202501
040701035107202501
040701036001202501
040701037801202501
040701038601202501
040702001201202501
040702002001202501
040702003901202501
040702003907202501
040702004701202501
040702004707202501
040702006301202501
040702006307202501
040702007101202501
040702007107202501
040702008001202501
040702008007202501
040702009801202501
040702009807202501
040702010101202501
040702010107202501
040702011001202501
040702011007202501
040702011009202501
040702013601202501
040702013607202501
040702013609202501
040702014401202501
040702014407202501
040702014409202501
040702015201202501
040702015207202501
040702017901202501
040702017907202501
040702018701202501
040702018707202501
040702019501202501
040702019507202501
040702020901202501
040702020907202501
040702021701202501
040702021709202501
040702022501202501
040702022507202501
040702022509202501
040702023301202501
040702023307202501
040702024101202501
040702024107202501
040702025001202501
040702025007202501
040702026801202501
040702026807202501
040702026809202501
040702027601202501
040702027607202501
040702027609202501
040702028401202501
040702028407202501
040702028409202501
040702029201202501
040702029207202501
040702030601202501
040702030607202501
040702032201202501
040702032207202501
040702032209202501
040702033001202501
040702034901202501
040702035701202501
040702036501202501
040702036507202501
040702038101202501
040702038107202501
040702040301202501
040702040307202501
040702041101202501
040702041107202501
040702042001202501
040702042007202501
040702043801202501
040702043807202501
040702044601202501
040702044607202501
040702045401202501
040702045407202501
040702045409202501
040702046201202501
040702046207202501
040702047001202501
040702047007202501
040702047009202501
040703001801202501
040703001807202501
040703002601202501
040703002607202501
040703003401202501
040703003407202501
040703003409202501
040703004201202501
040703004207202501
040703005001202501
040703005007202501
040703006901202501
040703006907202501
040703007701202501
040703007707202501
040703007709202501
040703012301202501
040703012307202501
040703013101202501
040703013107202501
040703014001202501
040703014007202501
040703015801202501
040703015807202501
040703016601202501
040703016607202501
040703017401202501
040703017407202501
040703018201202501
040703018207202501
040703019001202501
040703019007202501
040703020401202501
040703021201202501
040703022001202501
040703024701202501
040703025501202501
040703025507202501
040704001301202501
040704001307202501
040704002101202501
040704002107202501
040704003001202501
040704003007202501
040704004801202501
040704004807202501
040704005601202501
040704005607202501
040704006401202501
040704006407202501
040704006409202501
040704007201202501
040704007207202501
040704007209202501
040704008001202501
040704008007202501
040704008009202501
040704009901202501
040704009907202501
040704009909202501
040704010201202501
040704010207202501
040704010209202501
040704011001202501
040704011007202501
040704011009202501
040704012901202501
040704012907202501
040704012909202501
040704013701202501
040704013707202501
040704013709202501
040704014501202501
040704014507202501
040704014509202501
040704015301202501
040704015307202501
040704015309202501
040704016101202501
040704016107202501
040704017001202501
040704017007202501
040704017009202501
040704018801202501
040704018807202501
040704020001202501
040704020007202501
040704022601202501
040704022607202501
040704022609202501
040704023401202501
040704023407202501
040704024201202501
040704024207202501
040704025001202501
040704025007202501
040704026901202501
040704026907202501
040801001001202501
040801001007202501
040801002901202501
040801002907202501
040801003701202501
040801003707202501
040801004501202501
040801005301202501
040801006101202501
040801007001202501
040801007007202501
040801008801202501
040801008807202501
040801009601202501
040801009607202501
040801009609202501
040801010001202501
040801010007202501
040801010009202501
040801011801202501
040801011807202501
040801011809202501
040801013401202501
040801013407202501
040801013409202501
040801014201202501
040801014207202501
040801014209202501
040801015001202501
040801015007202501
040801015009202501
040801016901202501
040801016907202501
040801017701202501
040801017707202501
040801018501202501
040801018507202501
040801018509202501
040801019301202501
040801019307202501
040801020701202501
040801020707202501
040801020709202501
040801021501202501
040801021509202501
040801022301202501
040801022307202501
040801022309202501
040801023101202501
040801023109202501
040802001601202501
040802001607202501
040802002401202501
040802002407202501
040802003201202501
040802003207202501
040802004001202501
040802005901202501
040802006701202501
040802007501202501
040802008301202501
040802009101202501
040802010501202501
040802010507202501
040802010509202501
040802011301202501
040802011307202501
040802012101202501
040802012107202501
040802012109202501
040802013001202501
040802013007202501
040802014801202501
040802014807202501
040802014809202501
040802015601202501
040802015607202501
040802016401202501
040802016407202501
040802016409202501
040802017201202501
040802017207202501
040802017209202501
040802018001202501
040802018007202501
040802018009202501
040802019901202501
040802019907202501
040802019909202501
040802020201202501
040802020207202501
040802020209202501
040802021001202501
040802021007202501
040802022901202501
040802022907202501
040802022909202501
040802024501202501
040802024507202501
040802024509202501
040802025301202501
040802025307202501
040802026101202501
040802026107202501
040802027001202501
040802027007202501
040802028801202501
040802028807202501
040802029601202501
040802029607202501
040802029609202501
040802030001202501
040802030007202501
040802030009202501
040802031801202501
040802031807202501
040802031809202501
040802032601202501
040802032607202501
040802032609202501
040802033401202501
040802033407202501
040802034201202501
040802034207202501
040802034209202501
040802035001202501
040802035007202501
040802036901202501
040802036907202501
040802037701202501
040802037707202501
040802037709202501
040802038501202501
040802038507202501
040802039301202501
040802039307202501
040802040701202501
040802040707202501
040802041501202501
040802041507202501
040802042301202501
040802042307202501
040802043101202501
040802043107202501
040802044001202501
040802044007202501
040802044009202501
040802045801202501
040802045807202501
040802046601202501
040802046607202501
040802047401202501
040802047407202501
040802047409202501
040802048201202501
040802048207202501
040802048209202501
040802049001202501
040802049007202501
040802049009202501
040802050401202501
040802050407202501
040802050409202501
040802051201202501
040802051207202501
040802051209202501
040802052001202501
040802052007202501
040802052009202501
040802053901202501
040802053907202501
040802053909202501
040802054701202501
040802054707202501
040802055501202501
040802055507202501
040802055509202501
040802056301202501
040802056307202501
040802057101202501
040802057107202501
040802058001202501
040802058007202501
040802059801202501
040802059807202501
040802059809202501
040802060101202501
040802060107202501
040802060109202501
040802061001202501
040802061007202501
040802061009202501
040802062801202501
040802062807202501
040802062809202501
040802063601202501
040802063607202501
040802063609202501
040802064401202501
040802064407202501
040802064409202501
040803001101202501
040803001107202501
040803002001202501
040803002007202501
040803003801202501
040803003807202501
040803004601202501
040803005401202501
040803005407202501
040803006201202501
040803006207202501
040803007001202501
040803007007202501
040803008901202501
040803008907202501
040803009701202501
040803009707202501
040803010001202501
040803010007202501
040803011901202501
040803011907202501
040803012701202501
040803012707202501
040803013501202501
040803014301202501
040803015101202501
040803016001202501
040803017801202501
040803017807202501
040803018601202501
040803019401202501
040803020801202501
040803021601202501
040803022401202501
040803023201202501
040803023207202501
040803024001202501
040803024007202501
040803025901202501
040803025907202501
040803026701202501
040803026707202501
040803027501202501
040803027507202501
040803028301202501
040803028307202501
040803029101202501
040803029107202501
040803030501202501
040803030507202501
040803031301202501
040803031307202501
040803032101202501
040803032107202501
040803033001202501
040803033007202501
040803034801202501
040803034807202501
040803035601202501
040803036401202501
040803036407202501
040803037201202501
040803037207202501
040803038001202501
040803038007202501
040803039901202501
040803039907202501
040803040201202501
040803040207202501
040803041001202501
040803041007202501
040803042901202501
040803042907202501
040803043701202501
040803043707202501
040803044501202501
040803044507202501
040803045301202501
040803045307202501
040803046101202501
040803046107202501
040803047001202501
040803047007202501
040803050001202501
040803050007202501
040803051801202501
040803051807202501
040803052601202501
040803052607202501
040803053401202501
040803053407202501
040803054201202501
040803054207202501
040803055001202501
040803055007202501
040803056901202501
040803056907202501
040803057701202501
040803057707202501
040803058501202501
040803058507202501
040803059301202501
040803059307202501
040803060701202501
040803060707202501
040803061501202501
040803061507202501
040803062301202501
040803062307202501
040803063101202501
040803063107202501
040803064001202501
040803064007202501
040803065801202501
040803065807202501
040803066601202501
040803066607202501
040803067401202501
040803067407202501
040803068201202501
040803068207202501
040803069001202501
040803069007202501
040803070401202501
040803071201202501
040803071207202501
040803072001202501
040803072007202501
040803073901202501
040803073907202501
040803074701202501
040803074707202501
040803075501202501
040803075507202501
040803075509202501
040803076301202501
040803076307202501
040803077101202501
040803077107202501
040803078001202501
040803079801202501
040803080101202501
040803080107202501
040803081001202501
040803081007202501
040803082801202501
040803082807202501
040803083601202501
040803083607202501
040803084401202501
040803084407202501
040803085201202501
040803085207202501
040803086001202501
040803086007202501
040803087901202501
040803087907202501
040803088701202501
040803088707202501
040803089501202501
040803089507202501
040803090901202501
040803090907202501
040803091701202501
040803091707202501
040804001701202501
040804001707202501
040804002501202501
040804002507202501
040804003301202501
040804003307202501
040804004101202501
040804004107202501
040804005001202501
040804006801202501
040804007601202501
040804008401202501
040804009201202501
040804010601202501
040804010607202501
040804011401202501
040804011407202501
040804012201202501
040804012207202501
040804013001202501
040804013007202501
040804014901202501
040804014907202501
040804015701202501
040804015707202501
040804016501202501
040804016507202501
040804017301202501
040804017307202501
040804018101202501
040804018107202501
040804018109202501
040804019001202501
040804019007202501
040804019009202501
040804020301202501
040804020307202501
040804022001202501
040804022007202501
040804023801202501
040804023807202501
040804024601202501
040804024607202501
040804025401202501
040804025407202501
040804026201202501
040804026207202501
040804027001202501
040804027007202501
040804028901202501
040804028907202501
040804029701202501
040804029707202501
040804030001202501
040804030007202501
040804031901202501
040804031907202501
040804032701202501
040804032707202501
040804033501202501
040804033507202501
040804034301202501
040804034307202501
040805001201202501
040805001207202501
040805002001202501
040805002007202501
040805003901202501
040805003907202501
040805004701202501
040805004707202501
040805005501202501
040805006301202501
040805007101202501
040805008001202501
040805008007202501
040805010101202501
040805010107202501
040805011001202501
040805011007202501
040805012801202501
040805012807202501
040805013601202501
040805013607202501
040805014401202501
040805014407202501
040805014409202501
040805015201202501
040805015207202501
040805016001202501
040805016007202501
040805016009202501
040805017901202501
040805017907202501
040805019501202501
040805019507202501
040805019509202501
040805020901202501
040805020907202501
040805020909202501
040805021701202501
040805021707202501
040805021709202501
040805022501202501
040805022507202501
040805022509202501
040805023301202501
040805023307202501
040805024101202501
040805024107202501
040805024109202501
040805025001202501
040805025007202501
040805025009202501
040805026801202501
040805026807202501
040805026809202501
040805027601202501
040805027607202501
040805027609202501
040805028401202501
040805028407202501
040805028409202501
040805029201202501
040805029207202501
040805029209202501
040805030601202501
040805030607202501
040805031401202501
040805031407202501
040805032201202501
040805032207202501
040805032209202501
040805033001202501
040805033007202501
040805034901202501
040805034907202501
040805034909202501
040805035701202501
040805035707202501
040805035709202501
040805036501202501
040805036507202501
040805037301202501
040805037307202501
040805037309202501
040805038101202501
040805038107202501
040805039001202501
040805039007202501
040805039009202501
040805040301202501
040805041101202501
040805041107202501
040805042001202501
040805042007202501
040805043801202501
040805043807202501
040805044601202501
040805044607202501
040805044609202501
040805045401202501
040805045407202501
040805046201202501
040805046207202501
040805047001202501
040805047007202501
040805048901202501
040805048907202501
040805049701202501
040805049707202501
040805050001202501
040805050007202501
040805051901202501
040805051907202501
040805052701202501
040805052707202501
040805053501202501
040805053507202501
040805054301202501
040805054307202501
040805055101202501
040805055107202501
040805056001202501
040805056007202501
040805057801202501
040805057807202501
040805058601202501
040805058607202501
040805059401202501
040805059407202501
040805060801202501
040805060807202501
040805061601202501
040805061607202501
040805062401202501
040805062407202501
040805063201202501
040805063207202501
040805064001202501
040805064007202501
040805064009202501
040805065901202501
040805065907202501
040805065909202501
040805066701202501
040805066709202501
040805067501202501
040805067507202501
040805068301202501
040805068307202501
040805069101202501
040805069107202501
040805069109202501
040805070501202501
040805070507202501
040805071301202501
040805071307202501
040805072101202501
040805072107202501
040805073001202501
040805073007202501
040805073009202501
040805074801202501
040805074807202501
040805074809202501
040805075601202501
040805075607202501
040805075609202501
040805076401202501
040805076407202501
040805076409202501
040805077201202501
040805077207202501
040805078001202501
040805078007202501
040805079901202501
040805079907202501
040805080201202501
040805080207202501
040805081001202501
040805081007202501
040805082901202501
040805082907202501
040805082909202501
040805083701202501
040805083707202501
040805084501202501
040805084507202501
040805085301202501
040805085307202501
040805086101202501
040805086107202501
040805087001202501
040805087007202501
040805088801202501
040805088807202501
040805088809202501
040805089601202501
040805089607202501
040805089609202501
040805090001202501
040805091801202501
040805091807202501
040805091809202501
040805092601202501
040805092607202501
040805092609202501
040806001801202501
040806001807202501
040806001809202501
040806002601202501
040806002607202501
040806003401202501
040806003407202501
040806004201202501
040806004207202501
040806004209202501
040806005001202501
040806005007202501
040806005009202501
040806006901202501
040806006907202501
040806007701202501
040806007707202501
040806008501202501
040806008507202501
040806008509202501
040806009301202501
040806009307202501
040806010701202501
040806010707202501
040806011501202501
040806011507202501
040806011509202501
040806012301202501
040806012307202501
040806012309202501
040806013101202501
040806013107202501
040806013109202501
040806014001202501
040806014007202501
040806014009202501
040806015801202501
040806015807202501
040806015809202501
040806016601202501
040806016607202501
040806017401202501
040806017407202501
040806018201202501
040806018207202501
040806019001202501
040806019007202501
040806020401202501
040806020407202501
040806020409202501
040806021201202501
040806021207202501
040806021209202501
040806023901202501
040806023907202501
040806024701202501
040806024707202501
040806025501202501
040806025507202501
040806026301202501
040806026307202501
040806027101202501
040806027107202501
040806028001202501
040806028007202501
040806029801202501
040806029807202501
040806029809202501
040806030101202501
040806030107202501
040806030109202501
040806031001202501
040806031007202501
040806031009202501
040806032801202501
040806032807202501
040806032809202501
040806033601202501
040806033607202501
040806033609202501
040806034401202501
040806034407202501
040806034409202501
040806035201202501
040806035207202501
040806035209202501
040806036001202501
040806036007202501
040806036009202501
040806037901202501
040806037907202501
040806037909202501
040806038701202501
040806038707202501
040806039501202501
040806039507202501
040806039509202501
040806040901202501
040806040907202501
040806040909202501
040806041701202501
040806041707202501
040806041709202501
040806042501202501
040806042507202501
040806042509202501
040806043301202501
040806043307202501
040806043309202501
040806044101202501
040806044107202501
040806044109202501
040806045001202501
040806045007202501
040806045009202501
040806046801202501
040806046807202501
040806046809202501
040806047601202501
040806047607202501
040806047609202501
040806048401202501
040806048407202501
040806048409202501
040806049201202501
040806049207202501
040806050601202501
040806050607202501
040806051401202501
040806051407202501
040806052201202501
040806052207202501
040806053001202501
040806053007202501
040806053009202501
040806054901202501
040806054907202501
040806054909202501
040806055701202501
040806055707202501
040806056501202501
040806056507202501
040806056509202501
040806057301202501
040806057307202501
040806057309202501
040806058101202501
040806058107202501
040806058109202501
040806059001202501
040806059007202501
040806060301202501
040806060307202501
040806060309202501
040806061101202501
040806062001202501
040806062007202501
040806063801202501
040806063807202501
040806063809202501
040806064601202501
040806064607202501
040806066201202501
040806066207202501
040806067001202501
040806067007202501
040806067009202501
040806069701202501
040806069707202501
040806070001202501
040806070007202501
040806070009202501
040901001401202501
040901001407202501
040901002201202501
040901002207202501
040901003001202501
040901003007202501
040901004901202501
040901004907202501
040901005701202501
040901005707202501
040901006501202501
040901006507202501
040901006509202501
040901007301202501
040901007307202501
040901008101202501
040901008107202501
040901009001202501
040901009007202501
040901009009202501
040901012001202501
040901012007202501
040901012009202501
040901013801202501
040901013807202501
040901014601202501
040901014607202501
040901014609202501
040901017001202501
040901017007202501
040901017009202501
040901018901202501
040901018907202501
040901019701202501
040901019707202501
040901020001202501
040901020007202501
040901021901202501
040901022701202501
040901022707202501
040901023501202501
040901023507202501
040901024301202501
040901024307202501
040901025101202501
040901025107202501
040901026001202501
040901026007202501
040901028601202501
040901028607202501
040901029401202501
040901029407202501
040901030801202501
040901030807202501
040901031601202501
040901031607202501
040901032401202501
040901032407202501
040901033201202501
040901033207202501
040901034001202501
040901034007202501
040901036701202501
040901036707202501
040901037501202501
040901037507202501
040901037509202501
040901038301202501
040901038307202501
040901038309202501
040901039101202501
040901039107202501
040901039109202501
040901040501202501
040901040507202501
040901041301202501
040901041307202501
040901043001202501
040901043007202501
040901043009202501
040901045601202501
040901045607202501
040901046401202501
040901046407202501
040901047201202501
040901047207202501
040901048001202501
040901048007202501
040901048009202501
040901049901202501
040901050201202501
040901050207202501
040901051001202501
040901051007202501
040901051009202501
040901052901202501
040901052907202501
040901053701202501
040901053707202501
040901054501202501
040901054507202501
040901055301202501
040901055307202501
040901056101202501
040901056107202501
040901057001202501
040901057007202501
040901058801202501
040901058807202501
040901059601202501
040901059607202501
040901059609202501
040902001001202501
040902001007202501
040902001009202501
040902002801202501
040902002807202501
040902002809202501
040902004401202501
040902004407202501
040902004409202501
040902005201202501
040902005207202501
040902007901202501
040902007907202501
040902007909202501
040902008701202501
040902008707202501
040902008709202501
040902009501202501
040902009507202501
040902009509202501
040902010901202501
040902010907202501
040902010909202501
040902012501202501
040902012507202501
040902012509202501
040902013301202501
040902013307202501
040902013309202501
040902014101202501
040902014107202501
040902014109202501
040902015001202501
040902015007202501
040902015009202501
040902016801202501
040902016807202501
040902016809202501
040902017601202501
040902017607202501
040902017609202501
040903001501202501
040903001509202501
040903002301202501
040903003101202501
040903004001202501
040904001001202501
040904001007202501
040904001009202501
040904003701202501
040904003707202501
040904003709202501
040904004501202501
040904004507202501
040904005301202501
040904005307202501
040904005309202501
040904007001202501
040904007007202501
040904007009202501
040904008801202501
040904008807202501
040904008809202501
040904009601202501
040904009607202501
040904009609202501
040904011801202501
040904011807202501
040904011809202501
040904012601202501
040904012607202501
040904012609202501
040904013401202501
040904013407202501
040904013409202501
040904014201202501
040904014209202501
040904015001202501
040904015007202501
040904015009202501
040904016901202501
040904016907202501
040904016909202501
040904017701202501
040904017707202501
040904017709202501
040904018501202501
040904018507202501
040904018509202501
040904019301202501
040904019307202501
040904019309202501
040904020701202501
040904020707202501
040904020709202501
040904021501202501
040904021507202501
040904021509202501
040904022301202501
040904022309202501
040904023101202501
040904023107202501
040904023109202501
040904024001202501
040904024009202501
040905001601202501
040905001607202501
040905002401202501
040905002407202501
040905002409202501
040905003201202501
040905003209202501
040905004001202501
040905004007202501
040905004009202501
040905007501202501
040905007507202501
040905007509202501
040905008301202501
040905008307202501
040905008309202501
040905009101202501
040905009107202501
040905009109202501
040905010501202501
040905010507202501
040905010509202501
040905011301202501
040905011307202501
040905011309202501
040905013001202501
040905014801202501
040905016401202501
040906001101202501
040906001102202501
040906001107202501
040906001109202501
040906002001202501
040906003801202501
040906003809202501
040906004601202501
040906004607202501
040906004609202501
040906005401202501
040906005402202501
040906005409202501
040906007001202501
040906007002202501
040906007009202501
040906010001202501
040906010007202501
040906011901202501
040906011907202501
040906012701202501
040906012707202501
040906013501202501
040906013507202501
040906014301202501
040906014307202501
040906015101202501
040906015107202501
040906016001202501
040906016007202501
040906017801202501
040906017807202501
040906017809202501
040906018601202501
040906018609202501
040906019401202501
040906019407202501
040906019409202501
040906020801202501
040906020807202501
040906020809202501
040906021601202501
040906021607202501
040906021609202501
040906022401202501
040906022407202501
040906022409202501
040906023201202501
040906023202202501
040906023207202501
040906023209202501
040906024001202501
040906024002202501
040906024007202501
040906024009202501
040906025901202501
040906025902202501
040906025907202501
040906025909202501
040906026701202501
040906026702202501
040906026707202501
040906026709202501
040906027501202501
040906027507202501
040906027509202501
040906028301202501
040906028307202501
040906029101202501
040906031301202501
040906031302202501
040907001701202501
040907001709202501
040907002501202501
040907002509202501
040907003301202501
040907003309202501
040907004101202501
040907004109202501
040907005001202501
040907006801202501
040907006809202501
040907007601202501
040907007609202501
040907008401202501
040907008409202501
040907009201202501
040907009207202501
040907009209202501
040907010601202501
040907010607202501
040907010609202501
040907011401202501
040907011407202501
040907013001202501
040907013007202501
040907013009202501
040907014901202501
040907014907202501
040907014909202501
040907015701202501
040907015707202501
040907015709202501
040907019001202501
040907019009202501
040907020301202501
040907021101202501
040907021107202501
040907022001202501
040907022007202501
040907022009202501
040907023801202501
040907023807202501
040907024601202501
040907024607202501
040907025401202501
040907025407202501
040907026201202501
040907026207202501
040907026209202501
040907027001202501
040907027009202501
040907028901202501
040907028907202501
040907028909202501
040907029701202501
040907030001202501
040907030009202501
040907031901202501
041001001401202501
041001001407202501
041001001409202501
041001005701202501
041001006501202501
041001006507202501
041001006509202501
041001007301202501
041001007307202501
041001007309202501
041001008101202501
041001008107202501
041001008109202501
041001009001202501
041001009009202501
041001011101202501
041001011107202501
041001011109202501
041001012001202501
041001012007202501
041001013801202501
041001014601202501
041001015401202501
041001016201202501
041001019701202501
041001020001202501
041001021901202501
041101001801202501
041101001802202501
041101001809202501
041101002601202501
041101002602202501
041101003401202501
041101003402202501
041101004201202501
041101004202202501
041101005001202501
041101005002202501
041101005009202501
041101007701202501
041101007702202501
041101007709202501
041101008501202501
041101008502202501
041102001301202501
041102001302202501
041102001309202501
041102002101202501
041102002102202501
041102002109202501
041102003001202501
041102003002202501
041102004801202501
041102004802202501
041201001101202501
041201001107202501
041201002001202501
041201002007202501
041201003801202501
041201003807202501
041201003809202501
041201004601202501
041201004607202501
041201004609202501
041201007001202501
041201007007202501
041201008901202501
041201008907202501
041201009701202501
041201009707202501
041201010001202501
041201010007202501
041201011901202501
041201011907202501
041201013501202501
041201013507202501
041201014301202501
041201014307202501
041202001701202501
041202001707202501
041202002501202501
041202002507202501
041202003301202501
041202003307202501
041202005001202501
041202005007202501
041202006801202501
041202006807202501
041202007601202501
041202007607202501
041202008401202501
041202008407202501
041203001201202501
041203001207202501
041203004701202501
041203004707202501
041203008001202501
041203008007202501
041203009801202501
041203009807202501
041203009809202501
041203010101202501
041203010107202501
041203011001202501
041203011007202501
041204001801202501
041204001807202501
041204001809202501
041204002601202501
041204002607202501
041204003401202501
041204003407202501
041204004201202501
041204004207202501
041204005001202501
041204005007202501
041204006901202501
041204006907202501
041204008501202501
041204008507202501
041204008509202501
041204010701202501
041204010707202501
041204011501202501
041204011507202501
041204012301202501
041204012307202501
041204013101202501
041204013107202501
041204015801202501
041204015807202501
041204016601202501
041204016607202501
041204017401202501
041204017407202501
041204018201202501
041204018207202501
041204019001202501
041204019007202501
041204020401202501
041204020407202501
041204021201202501
041204021207202501
041204022001202501
041204022007202501
041204022009202501
041205001301202501
041205001307202501
041205003001202501
041205003007202501
041205004801202501
041205004807202501
041205006401202501
041205006407202501
041205007201202501
041205007207202501
041205008001202501
041205008007202501
041205010201202501
041205010207202501
041205011001202501
041205011007202501
041205013701202501
041205013707202501
041205014501202501
041205014507202501
041205015301202501
041205015307202501
041205016101202501
041205016107202501
041301001501202501
041301001507202501
041301006601202501
041301008201202501
041301008207202501
041301009001202501
041301009007202501
041303001601202501
041303001607202501
041303001609202501
041303002401202501
041303002407202501
041303002409202501
041303003201202501
041303003209202501
041303005901202501
041303005907202501
041303005909202501
041303006701202501
041303006709202501
041303007501202501
041303007509202501
041303008301202501
041303008307202501
041303008309202501
041304002001202501
041304002007202501
041304003801202501
041304004601202501
041304005401202501
041304005409202501
041304006201202501
041304006209202501
041304007001202501
041304007009202501
041304008901202501
041304008909202501
041304009701202501
041304009707202501
041304010001202501
041304010007202501
041304011901202501
041304011907202501
041304011909202501
041304012701202501
041304012707202501
041304012709202501
041304013501202501
041304013507202501
041304013509202501
041304014301202501
041304014307202501
041304014309202501
041304015101202501
041304015107202501
041304015109202501
041304016001202501
041304016007202501
041304017801202501
041304017807202501
041304018601202501
041304018607202501
041304018609202501
041304019401202501
041304019407202501
041304019409202501
041304020801202501
041304020807202501
041304020809202501
041304021601202501
041304021607202501
041304021609202501
041304022401202501
041304022407202501
041304022409202501
041304023201202501
041304023207202501
041304023209202501
041304024001202501
041304024007202501
041304025901202501
041304025909202501
041304026701202501
041401002701202501
041401003501202501
041401025601202501
041401025607202501
041401025609202501
041401027201202501
041401027207202501
041401027209202501
041401032901202501
041401032907202501
041401032909202501
041401034501202501
041401034507202501
041401034509202501
041402002201202501
041402002203202501
041402002207202501
041402002209202501
041402003001202501
041402003003202501
041402003007202501
041402003009202501
041402004901202501
041402004903202501
041402004907202501
041402004909202501
041402005701202501
041402005703202501
041402005707202501
041402005709202501
041402006501202501
041402006503202501
041402006507202501
041402006509202501
041402007301202501
041402007303202501
041402007307202501
041402007309202501
041402008101202501
041402008103202501
041402008107202501
041402008109202501
041402009001202501
041402009003202501
041402009007202501
041402009009202501
041402014601202501
041402014603202501
041402014607202501
041402014609202501
041402015401202501
041402015403202501
041402015407202501
041402015409202501
041402016201202501
041402016203202501
041402016207202501
041402016209202501
041402020001202501
041402020003202501
041402020007202501
041402020009202501
041402021901202501
041402021903202501
041402021907202501
041402021909202501
041402024301202501
041402024303202501
041402024307202501
041402024309202501
041402027801202501
041402027803202501
041402027807202501
041402027809202501
041402029401202501
041402029403202501
041402029407202501
041402029409202501
041402036701202501
041402036703202501
041402036707202501
041402036709202501
041402037501202501
041402037503202501
041402037507202501
041402037509202501
041402041301202501
041402041303202501
041402041307202501
041402041309202501
041501001201202501
041501001207202501
041502001801202501
041502003401202501
041502003407202501
041502004201202501
041502004207202501
041502005001202501
041502005007202501
041502006901202501
041502006907202501
041502007701202501
041502007707202501
041502008501202501
041503001301202501
041503001307202501
041504002701202501
041504002707202501
041504003501202501
041504003507202501
041601001601202501
041601001607202501
041601002401202501
041601002407202501
041601004001202501
041601004007202501
041601007501202501
041601007507202501
041601009101202501
041601009107202501
041601011301202501
041601011307202501
041601011309202501
041601012101202501
041601013001202501
041601016401202501
041601016407202501
041601017201202501
041601017207202501
041601017209202501
041601018001202501
041601018007202501
041601019901202501
041601019907202501
041601020201202501
041601020207202501
041601021001202501
041601021007202501
041601022901202501
041601022907202501
041602002001202501
041602002007202501
041602015101202501
041602015107202501
041602016001202501
041602016007202501
041602017801202501
041602017807202501
041602017809202501
041602018601202501
041602018607202501
041602018609202501
041602019401202501
041602019407202501
041602020801202501
041602020807202501
041602021601202501
041602021607202501
041602021609202501
041602022401202501
041602022407202501
041602023201202501
041602023207202501
041602024001202501
041602024007202501
041602024009202501
041602025901202501
041602025907202501
041603002501202501
041603002507202501
041603002509202501
041603003301202501
041603003307202501
041603003309202501
041603004101202501
041603004107202501
041603004109202501
041603006801202501
041603006807202501
041603007601202501
041603008401202501
041603008407202501
041603009201202501
041603009207202501
041603014901202501
041603014907202501
041603014909202501
041603015701202501
041603015707202501
041603015709202501
041603016501202501
041603016507202501
041603017301202501
041603017307202501
041603018101202501
041603018107202501
041603019001202501
041603020301202501
041603020307202501
041603021101202501
041603021107202501
041603022001202501
041603022007202501
041603023801202501
041603023807202501
041603024601202501
041603024607202501
041603025401202501
041603026201202501
041603027001202501
041603027007202501
041603028901202501
041603029701202501
041603030001202501
041603030007202501
041603031901202501
041603031907202501
041603032701202501
041603032707202501
041603032709202501
041603033501202501
041603033507202501
041603033509202501
041603034301202501
041603034307202501
041603035101202501
041603035107202501
041603035109202501
041603036001202501
041603036007202501
041604001201202501
041604001207202501
041604002001202501
041604002007202501
041604003901202501
041604003907202501
041604004701202501
041604004707202501
041604005501202501
041604005507202501
041604007101202501
041604007107202501
041604010101202501
041604010107202501
041604011001202501
041604011007202501
041604012801202501
041604012807202501
041604014401202501
041604014407202501
041604017901202501
041604017909202501
041604018701202501
041604018709202501
041604019501202501
041604019509202501
041604020901202501
041604020907202501
041604021701202501
041604021707202501
041604022501202501
041604022507202501
041604023301202501
041604023307202501
041604024101202501
041604024107202501
041604025001202501
041604025007202501
041604026801202501
041604026807202501
041604027601202501
041604027607202501
041604028401202501
041604029201202501
041604030601202501
041604031401202501
041604031407202501
041604032201202501
041604032207202501
041604033001202501
041604033007202501
041604034901202501
041604034907202501
041605001801202501
041605001807202501
041605002601202501
041605002607202501
041605003401202501
041605003407202501
041605005001202501
041605005007202501
041605007701202501
041605007707202501
041605009301202501
041605009307202501
041605010701202501
041605010707202501
041605011501202501
041605011507202501
041605012301202501
041605012307202501
041606001301202501
041606001307202501
041606001309202501
041606002101202501
041606002107202501
041606003001202501
041606003007202501
041606005601202501
041606005607202501
041606006401202501
041606006407202501
041606008001202501
041606008007202501
041606009901202501
041606009907202501
041606010201202501
041606010207202501
041606011001202501
041606011007202501
041606012901202501
041606012907202501
041606013701202501
041606013707202501
041608001401202501
041608001407202501
041608001409202501
041608003001202501
041608003007202501
041608003009202501
041608008101202501
041608008107202501
041608009001202501
041608009007202501
041608011101202501
041608011107202501
041608012001202501
041608012007202501
041608012009202501
041609001001202501
041609001007202501
041609002801202501
041609002807202501
041609003601202501
041609003607202501
041609007901202501
041609007907202501
041609010901202501
041609010907202501
041609011701202501
041609011707202501
041609012501202501
041609012507202501
041609013301202501
041609013307202501
041611001001202501
041611001007202501
041611002901202501
041611002907202501
041611003701202501
041611003707202501
041611004501202501
041611004507202501
041611005301202501
041611005307202501
041611006101202501
041611006107202501
041611007001202501
041611007007202501
041611008801202501
041611008807202501
041612002401202501
041612003201202501
041612004001202501
041612004009202501
041612005901202501
041612005909202501
050103006901202501
050103006903202501
050103006907202501
050201001074202501
050201001075202501
050201001076202501
050201001077202501
050201001078202501
050201001079202501
050201002977202501
050201002978202501
050201002979202501
050201002980202501
050201002981202501
050201002982202501
050301001401202501
050301001403202501
050301001474202501
050301001475202501
050301001476202501
050301001477202501
050301001478202501
050301001479202501
050301001480202501
050301001481202501
050301001482202501
050301002201202501
050301002274202501
050301002275202501
050301002276202501
050301002277202501
050301002278202501
050301002279202501
050301002280202501
050301002281202501
050301002282202501
050302001001202501
050302002801202501
050303001574202501
050303001575202501
050303001576202501
050303001577202501
050303001578202501
050303001579202501
050303001580202501
050303001581202501
050303001582202501
050303002301202501
050303002374202501
050303002375202501
050303002376202501
050303002377202501
050303002378202501
050303002379202501
050303002380202501
050303002381202501
050303002382202501
050303003101202501
050303003174202501
050303003175202501
050303003176202501
050303003177202501
050303003178202501
050303003179202501
050303003180202501
050303003181202501
050303003182202501
050303004001202501
050303004074202501
050303004075202501
050303004076202501
050303004077202501
050303004078202501
050303004080202501
050303004081202501
050303004082202501
050303005801202501
050303005874202501
050303005875202501
050303005876202501
050303005877202501
050303005878202501
050303005879202501
050303005880202501
050303005881202501
050303005882202501
050303006601202501
050303006674202501
050303006675202501
050303006676202501
050303006677202501
050303006678202501
050303006679202501
050303006680202501
050303006681202501
050303006682202501
050303007401202501
050303007474202501
050303007475202501
050303007476202501
050303007477202501
050303007478202501
050303007479202501
050303007480202501
050303007481202501
050303007482202501
050303008201202501
050303008274202501
050303008275202501
050303008276202501
050303008277202501
050303008278202501
050303008279202501
050303008280202501
050303008281202501
050303008282202501
050303009001202501
050303009074202501
050303009075202501
050303009076202501
050303009077202501
050303009078202501
050303009079202501
050303009080202501
050303009081202501
050303009082202501
050303010401202501
050303010474202501
050303010475202501
050303010476202501
050303010477202501
050303010478202501
050303010479202501
050303010480202501
050303010481202501
050303010482202501
050304004574202501
050304004575202501
050304004576202501
050304004577202501
050304004578202501
050304004579202501
050304004580202501
050304004581202501
050304004582202501
050501001103202501
050501001107202501
050501002003202501
050501002007202501
050501003803202501
050501003807202501
050501004603202501
050501004607202501
050501005403202501
050501005407202501
050501006203202501
050501006207202501
050501007003202501
050501007007202501
050501008903202501
050501008907202501
050501009701202501
050501009707202501
050501009709202501
050501012701202501
050501012707202501
050501012709202501
050501013501202501
050501013507202501
050501013509202501
050502004101202501
050502004107202501
050502005001202501
050502005007202501
050502006801202501
050502007601202501
050502008401202501
050502009201202501
050502010601202501
050502012201202501
050602001012202501
050602002912202501
050602003712202501
050602004503202501
050602004507202501
050602004509202501
050602004512202501
050602005301202501
050602005303202501
050602005307202501
050602006101202501
050602006103202501
050602006107202501
050602007001202501
050602007003202501
050602007007202501
050602009601202501
050602009603202501
050602009607202501
050602010001202501
050602010003202501
050602010007202501
050602011801202501
050602011803202501
050602011807202501
050602013401202501
050602013403202501
050602013407202501
070209005001202501
070209005007202501
070209006901202501
070209006907202501
080201006765202501
080201007579202501
080201008375202501
080201009176202501
080201010574202501
080201011383202501
080201012181202501
080201013082202501
080201014877202501
080201015678202501
080201016480202501
080201021085202501
080201022986202501
080201023792202501
080201024593202501
080201025387202501
080201026187202501
080201027087202501
080201032696202501
